7 23 0 3
7 2 0 0
7 2 0 1
13 5 4 5
7 1 0 2
15 0 1 0
13 2 -1 2
6 0 2 4
16 4 4 0
14 0 3 1
15 0 1 0
8 1 0 2
0 1 0 1
14 1 -1 1
1 1 2 1
5 1 256 2
9 1 256 0
14 0 -1 0
1 0 2 0
13 0 -424 0
4 5 0 0
17 0 55 0
18 1 0 0
18 2 0 1
18 2 0 2
18 2 0 3
8 0 3 4
0 0 3 0
14 0 -1 0
1 0 4 0
13 0 -128 0
18 1 0 3
8 3 1 4
0 3 1 3
14 3 -1 3
1 3 4 3
13 3 -128 3
18 1 0 1
18 2 0 4
8 1 4 6
0 1 4 1
14 1 -1 1
1 1 6 1
13 1 -128 1
19 1 0 0
19 0 0 0
18 1 0 1
8 1 2 6
0 1 2 1
14 1 -1 1
1 1 6 1
13 1 -128 1
19 1 0 0
19 3 0 0
7 1 0 3
17 3 0 0
