Before: [1, 1, 0, 1, 0 ,0, 0, 0]
0 1 0 1
After:  [1, 1, 0, 1, 0 ,0, 0, 0]

Before: [2, 2, 2, 1, 0 ,0, 0, 0]
2 1 2 2
After:  [2, 2, 1, 1, 0 ,0, 0, 0]

Before: [1, 3, 2, 2, 0 ,0, 0, 0]
1 2 2 0
After:  [4, 3, 2, 2, 0 ,0, 0, 0]

Before: [2, 2, 1, 1, 0 ,0, 0, 0]
8 0 2 1
After:  [2, 3, 1, 1, 0 ,0, 0, 0]

Before: [0, 1, 2, 2, 0 ,0, 0, 0]
7 3 1 1
After:  [0, 3, 2, 2, 0 ,0, 0, 0]

Before: [1, 2, 2, 0, 0 ,0, 0, 0]
8 2 0 1
After:  [1, 3, 2, 0, 0 ,0, 0, 0]

Before: [2, 2, 2, 0, 0 ,0, 0, 0]
2 1 2 0
After:  [1, 2, 2, 0, 0 ,0, 0, 0]

Before: [0, 1, 1, 1, 0 ,0, 0, 0]
3 1 0 1
After:  [0, 1, 1, 1, 0 ,0, 0, 0]

Before: [2, 3, 2, 2, 0 ,0, 0, 0]
15 1 2 2
After:  [2, 3, 6, 2, 0 ,0, 0, 0]

Before: [0, 3, 1, 1, 0 ,0, 0, 0]
9 0 0 3
After:  [0, 3, 1, 0, 0 ,0, 0, 0]

Before: [2, 0, 1, 1, 0 ,0, 0, 0]
4 2 3 2
After:  [2, 0, 0, 1, 0 ,0, 0, 0]

Before: [1, 1, 3, 3, 0 ,0, 0, 0]
6 0 3 3
After:  [1, 1, 3, 0, 0 ,0, 0, 0]

Before: [3, 2, 3, 2, 0 ,0, 0, 0]
11 1 3 3
After:  [3, 2, 3, 1, 0 ,0, 0, 0]

Before: [3, 2, 1, 2, 0 ,0, 0, 0]
14 3 3 1
After:  [3, 6, 1, 2, 0 ,0, 0, 0]

Before: [1, 0, 1, 2, 0 ,0, 0, 0]
10 1 0 1
After:  [1, 1, 1, 2, 0 ,0, 0, 0]

Before: [1, 2, 0, 2, 0 ,0, 0, 0]
11 1 3 2
After:  [1, 2, 1, 2, 0 ,0, 0, 0]

Before: [3, 3, 0, 0, 0 ,0, 0, 0]
14 0 3 2
After:  [3, 3, 9, 0, 0 ,0, 0, 0]

Before: [2, 0, 2, 3, 0 ,0, 0, 0]
6 0 3 1
After:  [2, 0, 2, 3, 0 ,0, 0, 0]

Before: [3, 2, 2, 2, 0 ,0, 0, 0]
11 1 3 1
After:  [3, 1, 2, 2, 0 ,0, 0, 0]

Before: [2, 2, 0, 2, 0 ,0, 0, 0]
13 1 2 1
After:  [2, 4, 0, 2, 0 ,0, 0, 0]

Before: [2, 2, 2, 0, 0 ,0, 0, 0]
8 3 1 3
After:  [2, 2, 2, 2, 0 ,0, 0, 0]

Before: [2, 3, 1, 3, 0 ,0, 0, 0]
6 0 3 2
After:  [2, 3, 0, 3, 0 ,0, 0, 0]

Before: [3, 3, 1, 1, 0 ,0, 0, 0]
14 1 3 1
After:  [3, 9, 1, 1, 0 ,0, 0, 0]

Before: [2, 2, 1, 3, 0 ,0, 0, 0]
6 0 3 2
After:  [2, 2, 0, 3, 0 ,0, 0, 0]

Before: [2, 3, 2, 3, 0 ,0, 0, 0]
15 3 3 0
After:  [9, 3, 2, 3, 0 ,0, 0, 0]

Before: [1, 0, 0, 3, 0 ,0, 0, 0]
10 1 0 1
After:  [1, 1, 0, 3, 0 ,0, 0, 0]

Before: [1, 3, 1, 3, 0 ,0, 0, 0]
15 1 3 3
After:  [1, 3, 1, 9, 0 ,0, 0, 0]

Before: [1, 1, 2, 3, 0 ,0, 0, 0]
15 1 2 3
After:  [1, 1, 2, 2, 0 ,0, 0, 0]

Before: [1, 1, 3, 0, 0 ,0, 0, 0]
0 1 0 0
After:  [1, 1, 3, 0, 0 ,0, 0, 0]

Before: [1, 2, 3, 2, 0 ,0, 0, 0]
13 3 2 2
After:  [1, 2, 4, 2, 0 ,0, 0, 0]

Before: [0, 1, 1, 2, 0 ,0, 0, 0]
9 0 0 0
After:  [0, 1, 1, 2, 0 ,0, 0, 0]

Before: [2, 2, 0, 0, 0 ,0, 0, 0]
12 1 1 3
After:  [2, 2, 0, 1, 0 ,0, 0, 0]

Before: [1, 0, 2, 3, 0 ,0, 0, 0]
6 0 3 2
After:  [1, 0, 0, 3, 0 ,0, 0, 0]

Before: [1, 1, 0, 3, 0 ,0, 0, 0]
6 0 3 3
After:  [1, 1, 0, 0, 0 ,0, 0, 0]

Before: [0, 2, 0, 0, 0 ,0, 0, 0]
9 0 0 2
After:  [0, 2, 0, 0, 0 ,0, 0, 0]

Before: [0, 2, 2, 3, 0 ,0, 0, 0]
5 0 3 0
After:  [3, 2, 2, 3, 0 ,0, 0, 0]

Before: [1, 0, 2, 1, 0 ,0, 0, 0]
5 1 2 3
After:  [1, 0, 2, 2, 0 ,0, 0, 0]

Before: [1, 1, 3, 3, 0 ,0, 0, 0]
0 1 0 2
After:  [1, 1, 1, 3, 0 ,0, 0, 0]

Before: [2, 0, 3, 1, 0 ,0, 0, 0]
12 2 3 0
After:  [0, 0, 3, 1, 0 ,0, 0, 0]

Before: [0, 3, 2, 0, 0 ,0, 0, 0]
5 0 2 0
After:  [2, 3, 2, 0, 0 ,0, 0, 0]

Before: [2, 1, 2, 2, 0 ,0, 0, 0]
1 2 2 0
After:  [4, 1, 2, 2, 0 ,0, 0, 0]

Before: [1, 2, 1, 3, 0 ,0, 0, 0]
6 0 3 2
After:  [1, 2, 0, 3, 0 ,0, 0, 0]

Before: [0, 2, 3, 1, 0 ,0, 0, 0]
14 1 3 2
After:  [0, 2, 6, 1, 0 ,0, 0, 0]

Before: [1, 3, 3, 3, 0 ,0, 0, 0]
5 0 3 2
After:  [1, 3, 3, 3, 0 ,0, 0, 0]

Before: [3, 1, 0, 3, 0 ,0, 0, 0]
14 3 2 3
After:  [3, 1, 0, 6, 0 ,0, 0, 0]

Before: [2, 0, 3, 3, 0 ,0, 0, 0]
12 3 2 0
After:  [1, 0, 3, 3, 0 ,0, 0, 0]

Before: [1, 2, 1, 2, 0 ,0, 0, 0]
11 1 3 3
After:  [1, 2, 1, 1, 0 ,0, 0, 0]

Before: [2, 1, 2, 1, 0 ,0, 0, 0]
1 0 2 1
After:  [2, 4, 2, 1, 0 ,0, 0, 0]

Before: [0, 1, 1, 0, 0 ,0, 0, 0]
3 1 0 1
After:  [0, 1, 1, 0, 0 ,0, 0, 0]

Before: [0, 2, 3, 0, 0 ,0, 0, 0]
9 0 0 2
After:  [0, 2, 0, 0, 0 ,0, 0, 0]

Before: [3, 1, 2, 3, 0 ,0, 0, 0]
15 2 3 3
After:  [3, 1, 2, 6, 0 ,0, 0, 0]

Before: [0, 1, 0, 0, 0 ,0, 0, 0]
3 1 0 0
After:  [1, 1, 0, 0, 0 ,0, 0, 0]

Before: [0, 0, 1, 2, 0 ,0, 0, 0]
5 2 3 2
After:  [0, 0, 3, 2, 0 ,0, 0, 0]

Before: [0, 2, 2, 2, 0 ,0, 0, 0]
8 0 3 1
After:  [0, 2, 2, 2, 0 ,0, 0, 0]

Before: [1, 2, 0, 3, 0 ,0, 0, 0]
15 0 1 0
After:  [2, 2, 0, 3, 0 ,0, 0, 0]

Before: [2, 1, 0, 3, 0 ,0, 0, 0]
6 0 3 2
After:  [2, 1, 0, 3, 0 ,0, 0, 0]

Before: [0, 2, 3, 2, 0 ,0, 0, 0]
11 1 3 1
After:  [0, 1, 3, 2, 0 ,0, 0, 0]

Before: [1, 1, 2, 1, 0 ,0, 0, 0]
0 1 0 1
After:  [1, 1, 2, 1, 0 ,0, 0, 0]

Before: [2, 2, 2, 0, 0 ,0, 0, 0]
12 1 1 1
After:  [2, 1, 2, 0, 0 ,0, 0, 0]

Before: [3, 1, 2, 2, 0 ,0, 0, 0]
1 2 2 2
After:  [3, 1, 4, 2, 0 ,0, 0, 0]

Before: [0, 1, 3, 0, 0 ,0, 0, 0]
3 1 0 3
After:  [0, 1, 3, 1, 0 ,0, 0, 0]

Before: [3, 0, 2, 0, 0 ,0, 0, 0]
1 2 2 2
After:  [3, 0, 4, 0, 0 ,0, 0, 0]

Before: [2, 3, 3, 2, 0 ,0, 0, 0]
15 1 3 2
After:  [2, 3, 6, 2, 0 ,0, 0, 0]

Before: [3, 0, 2, 0, 0 ,0, 0, 0]
1 2 2 0
After:  [4, 0, 2, 0, 0 ,0, 0, 0]

Before: [3, 2, 3, 2, 0 ,0, 0, 0]
12 1 1 0
After:  [1, 2, 3, 2, 0 ,0, 0, 0]

Before: [2, 3, 3, 2, 0 ,0, 0, 0]
13 0 2 0
After:  [4, 3, 3, 2, 0 ,0, 0, 0]

Before: [1, 0, 2, 2, 0 ,0, 0, 0]
10 1 0 0
After:  [1, 0, 2, 2, 0 ,0, 0, 0]

Before: [2, 0, 0, 0, 0 ,0, 0, 0]
8 1 0 1
After:  [2, 2, 0, 0, 0 ,0, 0, 0]

Before: [0, 2, 2, 1, 0 ,0, 0, 0]
12 2 1 0
After:  [1, 2, 2, 1, 0 ,0, 0, 0]

Before: [0, 3, 2, 1, 0 ,0, 0, 0]
9 0 0 3
After:  [0, 3, 2, 0, 0 ,0, 0, 0]

Before: [2, 2, 2, 1, 0 ,0, 0, 0]
1 0 2 1
After:  [2, 4, 2, 1, 0 ,0, 0, 0]

Before: [0, 1, 2, 3, 0 ,0, 0, 0]
3 1 0 2
After:  [0, 1, 1, 3, 0 ,0, 0, 0]

Before: [1, 1, 0, 2, 0 ,0, 0, 0]
0 1 0 0
After:  [1, 1, 0, 2, 0 ,0, 0, 0]

Before: [3, 2, 1, 2, 0 ,0, 0, 0]
11 1 3 0
After:  [1, 2, 1, 2, 0 ,0, 0, 0]

Before: [3, 1, 3, 3, 0 ,0, 0, 0]
8 1 0 0
After:  [3, 1, 3, 3, 0 ,0, 0, 0]

Before: [3, 1, 2, 3, 0 ,0, 0, 0]
15 0 2 2
After:  [3, 1, 6, 3, 0 ,0, 0, 0]

Before: [0, 2, 2, 1, 0 ,0, 0, 0]
2 1 2 3
After:  [0, 2, 2, 1, 0 ,0, 0, 0]

Before: [1, 1, 0, 2, 0 ,0, 0, 0]
0 1 0 3
After:  [1, 1, 0, 1, 0 ,0, 0, 0]

Before: [2, 2, 3, 2, 0 ,0, 0, 0]
11 1 3 0
After:  [1, 2, 3, 2, 0 ,0, 0, 0]

Before: [1, 1, 3, 1, 0 ,0, 0, 0]
0 1 0 2
After:  [1, 1, 1, 1, 0 ,0, 0, 0]

Before: [1, 2, 3, 0, 0 ,0, 0, 0]
8 3 1 0
After:  [2, 2, 3, 0, 0 ,0, 0, 0]

Before: [1, 0, 2, 3, 0 ,0, 0, 0]
10 1 0 0
After:  [1, 0, 2, 3, 0 ,0, 0, 0]

Before: [1, 3, 3, 1, 0 ,0, 0, 0]
12 1 2 1
After:  [1, 1, 3, 1, 0 ,0, 0, 0]

Before: [0, 1, 2, 2, 0 ,0, 0, 0]
3 1 0 0
After:  [1, 1, 2, 2, 0 ,0, 0, 0]

Before: [2, 2, 2, 3, 0 ,0, 0, 0]
6 0 3 2
After:  [2, 2, 0, 3, 0 ,0, 0, 0]

Before: [3, 2, 3, 0, 0 ,0, 0, 0]
13 1 2 0
After:  [4, 2, 3, 0, 0 ,0, 0, 0]

Before: [0, 1, 0, 1, 0 ,0, 0, 0]
9 0 0 2
After:  [0, 1, 0, 1, 0 ,0, 0, 0]

Before: [2, 3, 3, 2, 0 ,0, 0, 0]
13 3 2 1
After:  [2, 4, 3, 2, 0 ,0, 0, 0]

Before: [2, 2, 1, 3, 0 ,0, 0, 0]
4 1 2 2
After:  [2, 2, 1, 3, 0 ,0, 0, 0]

Before: [1, 3, 0, 1, 0 ,0, 0, 0]
8 0 1 2
After:  [1, 3, 3, 1, 0 ,0, 0, 0]

Before: [0, 1, 2, 0, 0 ,0, 0, 0]
3 1 0 1
After:  [0, 1, 2, 0, 0 ,0, 0, 0]

Before: [0, 2, 0, 2, 0 ,0, 0, 0]
11 1 3 1
After:  [0, 1, 0, 2, 0 ,0, 0, 0]

Before: [3, 2, 3, 1, 0 ,0, 0, 0]
14 2 3 3
After:  [3, 2, 3, 9, 0 ,0, 0, 0]

Before: [0, 1, 1, 3, 0 ,0, 0, 0]
3 1 0 0
After:  [1, 1, 1, 3, 0 ,0, 0, 0]

Before: [2, 2, 2, 1, 0 ,0, 0, 0]
2 1 2 0
After:  [1, 2, 2, 1, 0 ,0, 0, 0]

Before: [0, 2, 1, 2, 0 ,0, 0, 0]
4 3 3 3
After:  [0, 2, 1, 0, 0 ,0, 0, 0]

Before: [0, 1, 1, 2, 0 ,0, 0, 0]
7 3 1 3
After:  [0, 1, 1, 3, 0 ,0, 0, 0]

Before: [1, 0, 1, 0, 0 ,0, 0, 0]
10 1 0 0
After:  [1, 0, 1, 0, 0 ,0, 0, 0]

Before: [3, 2, 2, 1, 0 ,0, 0, 0]
12 1 1 3
After:  [3, 2, 2, 1, 0 ,0, 0, 0]

Before: [0, 1, 0, 0, 0 ,0, 0, 0]
9 0 0 2
After:  [0, 1, 0, 0, 0 ,0, 0, 0]

Before: [2, 2, 2, 1, 0 ,0, 0, 0]
2 1 2 1
After:  [2, 1, 2, 1, 0 ,0, 0, 0]

Before: [1, 3, 0, 3, 0 ,0, 0, 0]
2 1 3 0
After:  [1, 3, 0, 3, 0 ,0, 0, 0]

Before: [1, 1, 2, 2, 0 ,0, 0, 0]
0 1 0 2
After:  [1, 1, 1, 2, 0 ,0, 0, 0]

Before: [0, 2, 0, 2, 0 ,0, 0, 0]
11 1 3 3
After:  [0, 2, 0, 1, 0 ,0, 0, 0]

Before: [0, 2, 3, 2, 0 ,0, 0, 0]
11 1 3 0
After:  [1, 2, 3, 2, 0 ,0, 0, 0]

Before: [2, 3, 2, 1, 0 ,0, 0, 0]
7 3 2 0
After:  [3, 3, 2, 1, 0 ,0, 0, 0]

Before: [2, 1, 1, 3, 0 ,0, 0, 0]
14 3 2 0
After:  [6, 1, 1, 3, 0 ,0, 0, 0]

Before: [1, 1, 3, 2, 0 ,0, 0, 0]
0 1 0 0
After:  [1, 1, 3, 2, 0 ,0, 0, 0]

Before: [2, 2, 2, 3, 0 ,0, 0, 0]
1 0 2 2
After:  [2, 2, 4, 3, 0 ,0, 0, 0]

Before: [1, 1, 0, 3, 0 ,0, 0, 0]
0 1 0 3
After:  [1, 1, 0, 1, 0 ,0, 0, 0]

Before: [1, 0, 3, 0, 0 ,0, 0, 0]
10 1 0 2
After:  [1, 0, 1, 0, 0 ,0, 0, 0]

Before: [0, 2, 0, 2, 0 ,0, 0, 0]
11 1 3 2
After:  [0, 2, 1, 2, 0 ,0, 0, 0]

Before: [1, 3, 2, 1, 0 ,0, 0, 0]
7 3 2 0
After:  [3, 3, 2, 1, 0 ,0, 0, 0]

Before: [2, 2, 1, 0, 0 ,0, 0, 0]
14 0 3 2
After:  [2, 2, 6, 0, 0 ,0, 0, 0]

Before: [0, 1, 0, 0, 0 ,0, 0, 0]
5 0 1 3
After:  [0, 1, 0, 1, 0 ,0, 0, 0]

Before: [0, 2, 2, 3, 0 ,0, 0, 0]
15 2 3 0
After:  [6, 2, 2, 3, 0 ,0, 0, 0]

Before: [3, 3, 0, 3, 0 ,0, 0, 0]
15 0 3 0
After:  [9, 3, 0, 3, 0 ,0, 0, 0]

Before: [0, 3, 3, 0, 0 ,0, 0, 0]
14 2 3 0
After:  [9, 3, 3, 0, 0 ,0, 0, 0]

Before: [0, 1, 1, 2, 0 ,0, 0, 0]
7 3 1 2
After:  [0, 1, 3, 2, 0 ,0, 0, 0]

Before: [1, 3, 1, 3, 0 ,0, 0, 0]
2 1 3 0
After:  [1, 3, 1, 3, 0 ,0, 0, 0]

Before: [1, 0, 3, 3, 0 ,0, 0, 0]
10 1 0 2
After:  [1, 0, 1, 3, 0 ,0, 0, 0]

Before: [0, 1, 3, 2, 0 ,0, 0, 0]
3 1 0 3
After:  [0, 1, 3, 1, 0 ,0, 0, 0]

Before: [0, 1, 3, 1, 0 ,0, 0, 0]
3 1 0 2
After:  [0, 1, 1, 1, 0 ,0, 0, 0]

Before: [1, 1, 2, 0, 0 ,0, 0, 0]
0 1 0 1
After:  [1, 1, 2, 0, 0 ,0, 0, 0]

Before: [0, 3, 0, 2, 0 ,0, 0, 0]
15 1 3 3
After:  [0, 3, 0, 6, 0 ,0, 0, 0]

Before: [0, 2, 1, 1, 0 ,0, 0, 0]
4 1 2 2
After:  [0, 2, 1, 1, 0 ,0, 0, 0]

Before: [0, 2, 2, 1, 0 ,0, 0, 0]
4 3 3 0
After:  [0, 2, 2, 1, 0 ,0, 0, 0]

Before: [1, 2, 1, 2, 0 ,0, 0, 0]
8 1 0 1
After:  [1, 3, 1, 2, 0 ,0, 0, 0]

Before: [1, 2, 2, 0, 0 ,0, 0, 0]
15 0 2 1
After:  [1, 2, 2, 0, 0 ,0, 0, 0]

Before: [2, 2, 3, 1, 0 ,0, 0, 0]
4 3 3 1
After:  [2, 0, 3, 1, 0 ,0, 0, 0]

Before: [1, 2, 1, 0, 0 ,0, 0, 0]
8 3 1 3
After:  [1, 2, 1, 2, 0 ,0, 0, 0]

Before: [3, 0, 2, 2, 0 ,0, 0, 0]
8 1 0 2
After:  [3, 0, 3, 2, 0 ,0, 0, 0]

Before: [0, 0, 2, 0, 0 ,0, 0, 0]
9 0 0 2
After:  [0, 0, 0, 0, 0 ,0, 0, 0]

Before: [1, 2, 2, 3, 0 ,0, 0, 0]
4 1 0 2
After:  [1, 2, 1, 3, 0 ,0, 0, 0]

Before: [2, 1, 2, 2, 0 ,0, 0, 0]
1 3 2 1
After:  [2, 4, 2, 2, 0 ,0, 0, 0]

Before: [2, 3, 0, 3, 0 ,0, 0, 0]
2 1 3 1
After:  [2, 1, 0, 3, 0 ,0, 0, 0]

Before: [1, 2, 0, 2, 0 ,0, 0, 0]
11 1 3 1
After:  [1, 1, 0, 2, 0 ,0, 0, 0]

Before: [3, 1, 0, 2, 0 ,0, 0, 0]
7 3 1 1
After:  [3, 3, 0, 2, 0 ,0, 0, 0]

Before: [0, 2, 2, 3, 0 ,0, 0, 0]
1 1 2 3
After:  [0, 2, 2, 4, 0 ,0, 0, 0]

Before: [1, 2, 3, 3, 0 ,0, 0, 0]
6 0 3 0
After:  [0, 2, 3, 3, 0 ,0, 0, 0]

Before: [2, 0, 2, 1, 0 ,0, 0, 0]
7 3 2 0
After:  [3, 0, 2, 1, 0 ,0, 0, 0]

Before: [0, 2, 2, 2, 0 ,0, 0, 0]
8 0 3 2
After:  [0, 2, 2, 2, 0 ,0, 0, 0]

Before: [1, 0, 3, 1, 0 ,0, 0, 0]
10 1 0 2
After:  [1, 0, 1, 1, 0 ,0, 0, 0]

Before: [0, 1, 2, 1, 0 ,0, 0, 0]
4 3 3 2
After:  [0, 1, 0, 1, 0 ,0, 0, 0]

Before: [0, 2, 2, 0, 0 ,0, 0, 0]
2 1 2 3
After:  [0, 2, 2, 1, 0 ,0, 0, 0]

Before: [0, 0, 2, 2, 0 ,0, 0, 0]
5 1 2 0
After:  [2, 0, 2, 2, 0 ,0, 0, 0]

Before: [1, 0, 0, 3, 0 ,0, 0, 0]
10 1 0 3
After:  [1, 0, 0, 1, 0 ,0, 0, 0]

Before: [1, 0, 3, 1, 0 ,0, 0, 0]
10 1 0 3
After:  [1, 0, 3, 1, 0 ,0, 0, 0]

Before: [0, 0, 3, 2, 0 ,0, 0, 0]
9 0 0 3
After:  [0, 0, 3, 0, 0 ,0, 0, 0]

Before: [1, 0, 1, 3, 0 ,0, 0, 0]
10 1 0 2
After:  [1, 0, 1, 3, 0 ,0, 0, 0]

Before: [3, 2, 3, 2, 0 ,0, 0, 0]
4 3 3 2
After:  [3, 2, 0, 2, 0 ,0, 0, 0]

Before: [0, 1, 1, 3, 0 ,0, 0, 0]
3 1 0 2
After:  [0, 1, 1, 3, 0 ,0, 0, 0]

Before: [1, 2, 3, 3, 0 ,0, 0, 0]
4 1 0 1
After:  [1, 1, 3, 3, 0 ,0, 0, 0]

Before: [0, 0, 0, 2, 0 ,0, 0, 0]
9 0 0 1
After:  [0, 0, 0, 2, 0 ,0, 0, 0]

Before: [1, 0, 2, 1, 0 ,0, 0, 0]
10 1 0 1
After:  [1, 1, 2, 1, 0 ,0, 0, 0]

Before: [1, 2, 3, 2, 0 ,0, 0, 0]
5 0 3 2
After:  [1, 2, 3, 2, 0 ,0, 0, 0]

Before: [2, 2, 3, 2, 0 ,0, 0, 0]
12 1 1 0
After:  [1, 2, 3, 2, 0 ,0, 0, 0]

Before: [2, 2, 2, 2, 0 ,0, 0, 0]
12 2 1 2
After:  [2, 2, 1, 2, 0 ,0, 0, 0]

Before: [2, 2, 2, 3, 0 ,0, 0, 0]
1 2 2 1
After:  [2, 4, 2, 3, 0 ,0, 0, 0]

Before: [3, 1, 3, 2, 0 ,0, 0, 0]
7 3 1 2
After:  [3, 1, 3, 2, 0 ,0, 0, 0]

Before: [2, 2, 0, 0, 0 ,0, 0, 0]
13 0 2 1
After:  [2, 4, 0, 0, 0 ,0, 0, 0]

Before: [0, 2, 1, 3, 0 ,0, 0, 0]
15 1 3 1
After:  [0, 6, 1, 3, 0 ,0, 0, 0]

Before: [0, 1, 1, 2, 0 ,0, 0, 0]
3 1 0 0
After:  [1, 1, 1, 2, 0 ,0, 0, 0]

Before: [2, 1, 0, 0, 0 ,0, 0, 0]
8 3 0 1
After:  [2, 2, 0, 0, 0 ,0, 0, 0]

Before: [0, 1, 3, 3, 0 ,0, 0, 0]
15 2 3 0
After:  [9, 1, 3, 3, 0 ,0, 0, 0]

Before: [0, 1, 1, 2, 0 ,0, 0, 0]
3 1 0 1
After:  [0, 1, 1, 2, 0 ,0, 0, 0]

Before: [0, 1, 1, 1, 0 ,0, 0, 0]
8 0 2 0
After:  [1, 1, 1, 1, 0 ,0, 0, 0]

Before: [1, 2, 2, 3, 0 ,0, 0, 0]
12 1 1 3
After:  [1, 2, 2, 1, 0 ,0, 0, 0]

Before: [3, 3, 1, 2, 0 ,0, 0, 0]
12 1 0 1
After:  [3, 1, 1, 2, 0 ,0, 0, 0]

Before: [3, 0, 0, 3, 0 ,0, 0, 0]
14 3 2 2
After:  [3, 0, 6, 3, 0 ,0, 0, 0]

Before: [3, 3, 3, 1, 0 ,0, 0, 0]
12 2 3 3
After:  [3, 3, 3, 0, 0 ,0, 0, 0]

Before: [2, 3, 2, 0, 0 ,0, 0, 0]
14 2 3 1
After:  [2, 6, 2, 0, 0 ,0, 0, 0]

Before: [2, 3, 0, 2, 0 ,0, 0, 0]
15 1 3 2
After:  [2, 3, 6, 2, 0 ,0, 0, 0]

Before: [3, 2, 3, 2, 0 ,0, 0, 0]
11 1 3 1
After:  [3, 1, 3, 2, 0 ,0, 0, 0]

Before: [1, 2, 2, 1, 0 ,0, 0, 0]
15 3 2 1
After:  [1, 2, 2, 1, 0 ,0, 0, 0]

Before: [1, 2, 2, 1, 0 ,0, 0, 0]
5 0 2 1
After:  [1, 3, 2, 1, 0 ,0, 0, 0]

Before: [1, 2, 3, 3, 0 ,0, 0, 0]
6 0 3 2
After:  [1, 2, 0, 3, 0 ,0, 0, 0]

Before: [1, 2, 2, 0, 0 ,0, 0, 0]
5 0 2 2
After:  [1, 2, 3, 0, 0 ,0, 0, 0]

Before: [3, 0, 0, 2, 0 ,0, 0, 0]
4 3 3 1
After:  [3, 0, 0, 2, 0 ,0, 0, 0]

Before: [1, 2, 1, 3, 0 ,0, 0, 0]
8 1 0 2
After:  [1, 2, 3, 3, 0 ,0, 0, 0]

Before: [2, 0, 2, 1, 0 ,0, 0, 0]
1 2 2 1
After:  [2, 4, 2, 1, 0 ,0, 0, 0]

Before: [2, 1, 2, 3, 0 ,0, 0, 0]
1 2 2 3
After:  [2, 1, 2, 4, 0 ,0, 0, 0]

Before: [1, 1, 0, 1, 0 ,0, 0, 0]
14 3 2 1
After:  [1, 2, 0, 1, 0 ,0, 0, 0]

Before: [1, 0, 2, 1, 0 ,0, 0, 0]
1 2 2 1
After:  [1, 4, 2, 1, 0 ,0, 0, 0]

Before: [2, 2, 0, 3, 0 ,0, 0, 0]
15 0 3 3
After:  [2, 2, 0, 6, 0 ,0, 0, 0]

Before: [3, 0, 2, 2, 0 ,0, 0, 0]
1 3 2 0
After:  [4, 0, 2, 2, 0 ,0, 0, 0]

Before: [2, 2, 3, 2, 0 ,0, 0, 0]
13 3 2 1
After:  [2, 4, 3, 2, 0 ,0, 0, 0]

Before: [1, 1, 2, 1, 0 ,0, 0, 0]
0 1 0 2
After:  [1, 1, 1, 1, 0 ,0, 0, 0]

Before: [0, 2, 3, 2, 0 ,0, 0, 0]
11 1 3 2
After:  [0, 2, 1, 2, 0 ,0, 0, 0]

Before: [2, 1, 1, 2, 0 ,0, 0, 0]
7 3 1 0
After:  [3, 1, 1, 2, 0 ,0, 0, 0]

Before: [3, 0, 2, 0, 0 ,0, 0, 0]
14 2 3 3
After:  [3, 0, 2, 6, 0 ,0, 0, 0]

Before: [2, 2, 0, 2, 0 ,0, 0, 0]
14 0 3 3
After:  [2, 2, 0, 6, 0 ,0, 0, 0]

Before: [0, 0, 3, 2, 0 ,0, 0, 0]
9 0 0 0
After:  [0, 0, 3, 2, 0 ,0, 0, 0]

Before: [1, 1, 3, 1, 0 ,0, 0, 0]
0 1 0 1
After:  [1, 1, 3, 1, 0 ,0, 0, 0]

Before: [1, 1, 1, 1, 0 ,0, 0, 0]
0 1 0 1
After:  [1, 1, 1, 1, 0 ,0, 0, 0]

Before: [1, 0, 2, 0, 0 ,0, 0, 0]
10 1 0 1
After:  [1, 1, 2, 0, 0 ,0, 0, 0]

Before: [1, 1, 0, 3, 0 ,0, 0, 0]
0 1 0 0
After:  [1, 1, 0, 3, 0 ,0, 0, 0]

Before: [0, 1, 0, 2, 0 ,0, 0, 0]
13 3 2 1
After:  [0, 4, 0, 2, 0 ,0, 0, 0]

Before: [2, 1, 0, 0, 0 ,0, 0, 0]
14 1 2 3
After:  [2, 1, 0, 2, 0 ,0, 0, 0]

Before: [3, 3, 2, 2, 0 ,0, 0, 0]
4 3 3 1
After:  [3, 0, 2, 2, 0 ,0, 0, 0]

Before: [0, 2, 0, 0, 0 ,0, 0, 0]
12 1 1 3
After:  [0, 2, 0, 1, 0 ,0, 0, 0]

Before: [1, 0, 2, 1, 0 ,0, 0, 0]
1 2 2 2
After:  [1, 0, 4, 1, 0 ,0, 0, 0]

Before: [0, 1, 2, 1, 0 ,0, 0, 0]
9 0 0 2
After:  [0, 1, 0, 1, 0 ,0, 0, 0]

Before: [1, 1, 3, 2, 0 ,0, 0, 0]
0 1 0 2
After:  [1, 1, 1, 2, 0 ,0, 0, 0]

Before: [3, 0, 3, 2, 0 ,0, 0, 0]
15 0 3 0
After:  [6, 0, 3, 2, 0 ,0, 0, 0]

Before: [2, 1, 2, 0, 0 ,0, 0, 0]
5 3 2 0
After:  [2, 1, 2, 0, 0 ,0, 0, 0]

Before: [3, 2, 2, 2, 0 ,0, 0, 0]
1 2 2 2
After:  [3, 2, 4, 2, 0 ,0, 0, 0]

Before: [1, 1, 0, 0, 0 ,0, 0, 0]
0 1 0 3
After:  [1, 1, 0, 1, 0 ,0, 0, 0]

Before: [1, 2, 0, 3, 0 ,0, 0, 0]
12 1 1 2
After:  [1, 2, 1, 3, 0 ,0, 0, 0]

Before: [2, 2, 2, 0, 0 ,0, 0, 0]
1 0 2 1
After:  [2, 4, 2, 0, 0 ,0, 0, 0]

Before: [0, 2, 1, 3, 0 ,0, 0, 0]
8 0 2 2
After:  [0, 2, 1, 3, 0 ,0, 0, 0]

Before: [3, 2, 0, 0, 0 ,0, 0, 0]
14 1 3 1
After:  [3, 6, 0, 0, 0 ,0, 0, 0]

Before: [0, 2, 2, 3, 0 ,0, 0, 0]
15 3 3 3
After:  [0, 2, 2, 9, 0 ,0, 0, 0]

Before: [1, 0, 3, 2, 0 ,0, 0, 0]
10 1 0 0
After:  [1, 0, 3, 2, 0 ,0, 0, 0]

Before: [1, 2, 2, 0, 0 ,0, 0, 0]
2 1 2 2
After:  [1, 2, 1, 0, 0 ,0, 0, 0]

Before: [0, 0, 3, 3, 0 ,0, 0, 0]
9 0 0 1
After:  [0, 0, 3, 3, 0 ,0, 0, 0]

Before: [0, 1, 2, 3, 0 ,0, 0, 0]
3 1 0 1
After:  [0, 1, 2, 3, 0 ,0, 0, 0]

Before: [1, 0, 1, 1, 0 ,0, 0, 0]
10 1 0 3
After:  [1, 0, 1, 1, 0 ,0, 0, 0]

Before: [2, 0, 2, 3, 0 ,0, 0, 0]
6 0 3 0
After:  [0, 0, 2, 3, 0 ,0, 0, 0]

Before: [0, 2, 3, 0, 0 ,0, 0, 0]
13 1 2 1
After:  [0, 4, 3, 0, 0 ,0, 0, 0]

Before: [0, 1, 3, 2, 0 ,0, 0, 0]
3 1 0 1
After:  [0, 1, 3, 2, 0 ,0, 0, 0]

Before: [1, 1, 0, 3, 0 ,0, 0, 0]
6 0 3 0
After:  [0, 1, 0, 3, 0 ,0, 0, 0]

Before: [3, 2, 0, 1, 0 ,0, 0, 0]
13 1 2 0
After:  [4, 2, 0, 1, 0 ,0, 0, 0]

Before: [2, 1, 3, 1, 0 ,0, 0, 0]
5 0 1 2
After:  [2, 1, 3, 1, 0 ,0, 0, 0]

Before: [1, 1, 3, 2, 0 ,0, 0, 0]
0 1 0 1
After:  [1, 1, 3, 2, 0 ,0, 0, 0]

Before: [2, 0, 0, 3, 0 ,0, 0, 0]
6 0 3 0
After:  [0, 0, 0, 3, 0 ,0, 0, 0]

Before: [1, 2, 1, 0, 0 ,0, 0, 0]
13 1 2 1
After:  [1, 4, 1, 0, 0 ,0, 0, 0]

Before: [2, 2, 1, 2, 0 ,0, 0, 0]
11 1 3 3
After:  [2, 2, 1, 1, 0 ,0, 0, 0]

Before: [0, 1, 2, 3, 0 ,0, 0, 0]
5 1 3 3
After:  [0, 1, 2, 3, 0 ,0, 0, 0]

Before: [2, 0, 3, 3, 0 ,0, 0, 0]
6 0 3 2
After:  [2, 0, 0, 3, 0 ,0, 0, 0]

Before: [2, 2, 1, 0, 0 ,0, 0, 0]
12 1 0 0
After:  [1, 2, 1, 0, 0 ,0, 0, 0]

Before: [2, 2, 2, 2, 0 ,0, 0, 0]
11 1 3 0
After:  [1, 2, 2, 2, 0 ,0, 0, 0]

Before: [1, 1, 0, 1, 0 ,0, 0, 0]
0 1 0 0
After:  [1, 1, 0, 1, 0 ,0, 0, 0]

Before: [0, 2, 2, 2, 0 ,0, 0, 0]
11 1 3 0
After:  [1, 2, 2, 2, 0 ,0, 0, 0]

Before: [2, 2, 0, 2, 0 ,0, 0, 0]
11 1 3 3
After:  [2, 2, 0, 1, 0 ,0, 0, 0]

Before: [2, 2, 2, 0, 0 ,0, 0, 0]
2 1 2 2
After:  [2, 2, 1, 0, 0 ,0, 0, 0]

Before: [3, 1, 1, 2, 0 ,0, 0, 0]
7 3 1 3
After:  [3, 1, 1, 3, 0 ,0, 0, 0]

Before: [0, 2, 1, 3, 0 ,0, 0, 0]
9 0 0 0
After:  [0, 2, 1, 3, 0 ,0, 0, 0]

Before: [0, 2, 2, 2, 0 ,0, 0, 0]
11 1 3 3
After:  [0, 2, 2, 1, 0 ,0, 0, 0]

Before: [3, 3, 3, 1, 0 ,0, 0, 0]
7 3 2 2
After:  [3, 3, 3, 1, 0 ,0, 0, 0]

Before: [2, 0, 3, 3, 0 ,0, 0, 0]
6 0 3 1
After:  [2, 0, 3, 3, 0 ,0, 0, 0]

Before: [0, 0, 2, 3, 0 ,0, 0, 0]
5 1 3 1
After:  [0, 3, 2, 3, 0 ,0, 0, 0]

Before: [3, 3, 2, 0, 0 ,0, 0, 0]
5 3 2 2
After:  [3, 3, 2, 0, 0 ,0, 0, 0]

Before: [3, 1, 2, 0, 0 ,0, 0, 0]
14 2 3 3
After:  [3, 1, 2, 6, 0 ,0, 0, 0]

Before: [1, 1, 2, 0, 0 ,0, 0, 0]
1 2 2 2
After:  [1, 1, 4, 0, 0 ,0, 0, 0]

Before: [1, 3, 1, 1, 0 ,0, 0, 0]
4 2 3 1
After:  [1, 0, 1, 1, 0 ,0, 0, 0]

Before: [1, 1, 2, 3, 0 ,0, 0, 0]
0 1 0 1
After:  [1, 1, 2, 3, 0 ,0, 0, 0]

Before: [3, 3, 3, 2, 0 ,0, 0, 0]
15 2 3 0
After:  [6, 3, 3, 2, 0 ,0, 0, 0]

Before: [1, 1, 0, 1, 0 ,0, 0, 0]
0 1 0 3
After:  [1, 1, 0, 1, 0 ,0, 0, 0]

Before: [2, 1, 1, 1, 0 ,0, 0, 0]
13 0 2 1
After:  [2, 4, 1, 1, 0 ,0, 0, 0]

Before: [3, 3, 2, 1, 0 ,0, 0, 0]
1 2 2 1
After:  [3, 4, 2, 1, 0 ,0, 0, 0]

Before: [0, 2, 2, 3, 0 ,0, 0, 0]
2 1 2 3
After:  [0, 2, 2, 1, 0 ,0, 0, 0]

Before: [2, 0, 1, 3, 0 ,0, 0, 0]
6 0 3 2
After:  [2, 0, 0, 3, 0 ,0, 0, 0]

Before: [1, 3, 3, 3, 0 ,0, 0, 0]
6 0 3 2
After:  [1, 3, 0, 3, 0 ,0, 0, 0]

Before: [0, 1, 0, 2, 0 ,0, 0, 0]
7 3 1 3
After:  [0, 1, 0, 3, 0 ,0, 0, 0]

Before: [0, 2, 2, 1, 0 ,0, 0, 0]
12 2 1 2
After:  [0, 2, 1, 1, 0 ,0, 0, 0]

Before: [1, 3, 2, 3, 0 ,0, 0, 0]
6 0 3 1
After:  [1, 0, 2, 3, 0 ,0, 0, 0]

Before: [1, 3, 1, 3, 0 ,0, 0, 0]
15 1 3 2
After:  [1, 3, 9, 3, 0 ,0, 0, 0]

Before: [0, 3, 2, 2, 0 ,0, 0, 0]
1 2 2 1
After:  [0, 4, 2, 2, 0 ,0, 0, 0]

Before: [3, 3, 2, 3, 0 ,0, 0, 0]
2 1 3 2
After:  [3, 3, 1, 3, 0 ,0, 0, 0]

Before: [0, 0, 2, 3, 0 ,0, 0, 0]
5 0 2 0
After:  [2, 0, 2, 3, 0 ,0, 0, 0]

Before: [3, 0, 2, 3, 0 ,0, 0, 0]
15 2 3 0
After:  [6, 0, 2, 3, 0 ,0, 0, 0]

Before: [2, 3, 0, 3, 0 ,0, 0, 0]
14 3 2 1
After:  [2, 6, 0, 3, 0 ,0, 0, 0]

Before: [2, 0, 2, 1, 0 ,0, 0, 0]
1 0 2 2
After:  [2, 0, 4, 1, 0 ,0, 0, 0]

Before: [0, 1, 3, 1, 0 ,0, 0, 0]
9 0 0 2
After:  [0, 1, 0, 1, 0 ,0, 0, 0]

Before: [1, 2, 2, 2, 0 ,0, 0, 0]
2 1 2 3
After:  [1, 2, 2, 1, 0 ,0, 0, 0]

Before: [0, 0, 3, 1, 0 ,0, 0, 0]
9 0 0 0
After:  [0, 0, 3, 1, 0 ,0, 0, 0]

Before: [0, 1, 3, 3, 0 ,0, 0, 0]
3 1 0 2
After:  [0, 1, 1, 3, 0 ,0, 0, 0]

Before: [2, 1, 2, 3, 0 ,0, 0, 0]
12 2 0 0
After:  [1, 1, 2, 3, 0 ,0, 0, 0]

Before: [1, 2, 3, 2, 0 ,0, 0, 0]
11 1 3 2
After:  [1, 2, 1, 2, 0 ,0, 0, 0]

Before: [3, 2, 0, 2, 0 ,0, 0, 0]
11 1 3 3
After:  [3, 2, 0, 1, 0 ,0, 0, 0]

Before: [2, 1, 2, 2, 0 ,0, 0, 0]
12 2 0 1
After:  [2, 1, 2, 2, 0 ,0, 0, 0]

Before: [0, 1, 0, 2, 0 ,0, 0, 0]
13 3 2 2
After:  [0, 1, 4, 2, 0 ,0, 0, 0]

Before: [0, 1, 1, 0, 0 ,0, 0, 0]
9 0 0 3
After:  [0, 1, 1, 0, 0 ,0, 0, 0]

Before: [2, 1, 1, 3, 0 ,0, 0, 0]
5 1 3 1
After:  [2, 3, 1, 3, 0 ,0, 0, 0]

Before: [0, 2, 2, 2, 0 ,0, 0, 0]
1 2 2 1
After:  [0, 4, 2, 2, 0 ,0, 0, 0]

Before: [0, 1, 1, 2, 0 ,0, 0, 0]
5 0 1 2
After:  [0, 1, 1, 2, 0 ,0, 0, 0]

Before: [1, 1, 1, 2, 0 ,0, 0, 0]
0 1 0 1
After:  [1, 1, 1, 2, 0 ,0, 0, 0]

Before: [3, 3, 1, 2, 0 ,0, 0, 0]
12 1 0 0
After:  [1, 3, 1, 2, 0 ,0, 0, 0]

Before: [3, 2, 1, 0, 0 ,0, 0, 0]
14 0 3 0
After:  [9, 2, 1, 0, 0 ,0, 0, 0]

Before: [2, 2, 1, 1, 0 ,0, 0, 0]
15 3 1 0
After:  [2, 2, 1, 1, 0 ,0, 0, 0]

Before: [1, 3, 2, 1, 0 ,0, 0, 0]
7 3 2 2
After:  [1, 3, 3, 1, 0 ,0, 0, 0]

Before: [0, 2, 0, 0, 0 ,0, 0, 0]
9 0 0 3
After:  [0, 2, 0, 0, 0 ,0, 0, 0]

Before: [1, 2, 1, 3, 0 ,0, 0, 0]
4 1 0 1
After:  [1, 1, 1, 3, 0 ,0, 0, 0]

Before: [1, 1, 3, 2, 0 ,0, 0, 0]
15 2 3 1
After:  [1, 6, 3, 2, 0 ,0, 0, 0]

Before: [2, 3, 3, 1, 0 ,0, 0, 0]
7 3 2 0
After:  [3, 3, 3, 1, 0 ,0, 0, 0]

Before: [0, 1, 2, 2, 0 ,0, 0, 0]
5 0 1 0
After:  [1, 1, 2, 2, 0 ,0, 0, 0]

Before: [3, 1, 0, 2, 0 ,0, 0, 0]
7 3 1 0
After:  [3, 1, 0, 2, 0 ,0, 0, 0]

Before: [1, 3, 3, 3, 0 ,0, 0, 0]
15 2 3 3
After:  [1, 3, 3, 9, 0 ,0, 0, 0]

Before: [3, 2, 2, 3, 0 ,0, 0, 0]
15 3 3 1
After:  [3, 9, 2, 3, 0 ,0, 0, 0]

Before: [0, 0, 0, 2, 0 ,0, 0, 0]
9 0 0 2
After:  [0, 0, 0, 2, 0 ,0, 0, 0]

Before: [2, 1, 3, 0, 0 ,0, 0, 0]
5 1 2 3
After:  [2, 1, 3, 3, 0 ,0, 0, 0]

Before: [3, 0, 2, 1, 0 ,0, 0, 0]
1 2 2 0
After:  [4, 0, 2, 1, 0 ,0, 0, 0]

Before: [1, 0, 2, 3, 0 ,0, 0, 0]
10 1 0 3
After:  [1, 0, 2, 1, 0 ,0, 0, 0]

Before: [0, 3, 1, 2, 0 ,0, 0, 0]
14 3 3 2
After:  [0, 3, 6, 2, 0 ,0, 0, 0]

Before: [0, 3, 3, 3, 0 ,0, 0, 0]
2 1 3 2
After:  [0, 3, 1, 3, 0 ,0, 0, 0]

Before: [0, 2, 2, 0, 0 ,0, 0, 0]
5 3 2 3
After:  [0, 2, 2, 2, 0 ,0, 0, 0]

Before: [1, 1, 2, 1, 0 ,0, 0, 0]
5 2 1 0
After:  [3, 1, 2, 1, 0 ,0, 0, 0]

Before: [1, 2, 0, 2, 0 ,0, 0, 0]
11 1 3 3
After:  [1, 2, 0, 1, 0 ,0, 0, 0]

Before: [3, 0, 2, 1, 0 ,0, 0, 0]
7 3 2 3
After:  [3, 0, 2, 3, 0 ,0, 0, 0]

Before: [0, 2, 1, 3, 0 ,0, 0, 0]
9 0 0 2
After:  [0, 2, 0, 3, 0 ,0, 0, 0]

Before: [2, 2, 2, 2, 0 ,0, 0, 0]
11 1 3 3
After:  [2, 2, 2, 1, 0 ,0, 0, 0]

Before: [1, 3, 2, 3, 0 ,0, 0, 0]
1 2 2 0
After:  [4, 3, 2, 3, 0 ,0, 0, 0]

Before: [1, 3, 1, 3, 0 ,0, 0, 0]
2 1 3 2
After:  [1, 3, 1, 3, 0 ,0, 0, 0]

Before: [0, 1, 2, 3, 0 ,0, 0, 0]
5 0 3 1
After:  [0, 3, 2, 3, 0 ,0, 0, 0]

Before: [2, 2, 1, 2, 0 ,0, 0, 0]
11 1 3 1
After:  [2, 1, 1, 2, 0 ,0, 0, 0]

Before: [1, 0, 3, 1, 0 ,0, 0, 0]
7 3 2 0
After:  [3, 0, 3, 1, 0 ,0, 0, 0]

Before: [1, 2, 1, 3, 0 ,0, 0, 0]
6 0 3 0
After:  [0, 2, 1, 3, 0 ,0, 0, 0]

Before: [3, 2, 2, 2, 0 ,0, 0, 0]
2 1 2 0
After:  [1, 2, 2, 2, 0 ,0, 0, 0]

Before: [3, 0, 0, 3, 0 ,0, 0, 0]
5 1 3 0
After:  [3, 0, 0, 3, 0 ,0, 0, 0]

Before: [2, 3, 3, 3, 0 ,0, 0, 0]
6 0 3 2
After:  [2, 3, 0, 3, 0 ,0, 0, 0]

Before: [1, 2, 3, 2, 0 ,0, 0, 0]
11 1 3 0
After:  [1, 2, 3, 2, 0 ,0, 0, 0]

Before: [2, 3, 3, 3, 0 ,0, 0, 0]
6 0 3 1
After:  [2, 0, 3, 3, 0 ,0, 0, 0]

Before: [2, 1, 0, 3, 0 ,0, 0, 0]
6 0 3 0
After:  [0, 1, 0, 3, 0 ,0, 0, 0]

Before: [3, 2, 3, 1, 0 ,0, 0, 0]
4 3 3 1
After:  [3, 0, 3, 1, 0 ,0, 0, 0]

Before: [1, 2, 2, 3, 0 ,0, 0, 0]
1 2 2 1
After:  [1, 4, 2, 3, 0 ,0, 0, 0]

Before: [0, 2, 0, 2, 0 ,0, 0, 0]
12 1 1 2
After:  [0, 2, 1, 2, 0 ,0, 0, 0]

Before: [3, 3, 1, 3, 0 ,0, 0, 0]
2 1 3 3
After:  [3, 3, 1, 1, 0 ,0, 0, 0]

Before: [1, 1, 2, 2, 0 ,0, 0, 0]
5 1 2 2
After:  [1, 1, 3, 2, 0 ,0, 0, 0]

Before: [0, 0, 2, 2, 0 ,0, 0, 0]
5 0 2 3
After:  [0, 0, 2, 2, 0 ,0, 0, 0]

Before: [0, 1, 3, 1, 0 ,0, 0, 0]
9 0 0 0
After:  [0, 1, 3, 1, 0 ,0, 0, 0]

Before: [0, 1, 0, 0, 0 ,0, 0, 0]
3 1 0 1
After:  [0, 1, 0, 0, 0 ,0, 0, 0]

Before: [1, 0, 0, 1, 0 ,0, 0, 0]
10 1 0 1
After:  [1, 1, 0, 1, 0 ,0, 0, 0]

Before: [1, 1, 1, 3, 0 ,0, 0, 0]
0 1 0 0
After:  [1, 1, 1, 3, 0 ,0, 0, 0]

Before: [0, 2, 2, 2, 0 ,0, 0, 0]
4 3 3 1
After:  [0, 0, 2, 2, 0 ,0, 0, 0]

Before: [1, 2, 1, 0, 0 ,0, 0, 0]
8 2 1 0
After:  [3, 2, 1, 0, 0 ,0, 0, 0]

Before: [0, 1, 2, 1, 0 ,0, 0, 0]
3 1 0 3
After:  [0, 1, 2, 1, 0 ,0, 0, 0]

Before: [1, 0, 2, 1, 0 ,0, 0, 0]
10 1 0 3
After:  [1, 0, 2, 1, 0 ,0, 0, 0]

Before: [1, 1, 3, 1, 0 ,0, 0, 0]
5 0 2 1
After:  [1, 3, 3, 1, 0 ,0, 0, 0]

Before: [2, 3, 2, 1, 0 ,0, 0, 0]
4 3 3 2
After:  [2, 3, 0, 1, 0 ,0, 0, 0]

Before: [3, 3, 0, 3, 0 ,0, 0, 0]
12 1 0 1
After:  [3, 1, 0, 3, 0 ,0, 0, 0]

Before: [3, 3, 1, 3, 0 ,0, 0, 0]
8 2 0 3
After:  [3, 3, 1, 3, 0 ,0, 0, 0]

Before: [1, 3, 3, 1, 0 ,0, 0, 0]
7 3 2 2
After:  [1, 3, 3, 1, 0 ,0, 0, 0]

Before: [3, 0, 3, 1, 0 ,0, 0, 0]
4 3 3 0
After:  [0, 0, 3, 1, 0 ,0, 0, 0]

Before: [1, 3, 2, 3, 0 ,0, 0, 0]
15 3 2 3
After:  [1, 3, 2, 6, 0 ,0, 0, 0]

Before: [3, 2, 2, 0, 0 ,0, 0, 0]
2 1 2 2
After:  [3, 2, 1, 0, 0 ,0, 0, 0]

Before: [3, 1, 2, 1, 0 ,0, 0, 0]
4 3 3 1
After:  [3, 0, 2, 1, 0 ,0, 0, 0]

Before: [2, 3, 1, 3, 0 ,0, 0, 0]
2 1 3 3
After:  [2, 3, 1, 1, 0 ,0, 0, 0]

Before: [2, 2, 0, 3, 0 ,0, 0, 0]
6 0 3 1
After:  [2, 0, 0, 3, 0 ,0, 0, 0]

Before: [2, 3, 2, 2, 0 ,0, 0, 0]
1 0 2 0
After:  [4, 3, 2, 2, 0 ,0, 0, 0]

Before: [0, 1, 3, 3, 0 ,0, 0, 0]
5 0 3 3
After:  [0, 1, 3, 3, 0 ,0, 0, 0]

Before: [2, 0, 3, 3, 0 ,0, 0, 0]
12 3 2 2
After:  [2, 0, 1, 3, 0 ,0, 0, 0]

Before: [1, 1, 3, 2, 0 ,0, 0, 0]
13 3 2 2
After:  [1, 1, 4, 2, 0 ,0, 0, 0]

Before: [1, 3, 3, 3, 0 ,0, 0, 0]
2 1 3 2
After:  [1, 3, 1, 3, 0 ,0, 0, 0]

Before: [3, 2, 2, 2, 0 ,0, 0, 0]
14 0 3 1
After:  [3, 9, 2, 2, 0 ,0, 0, 0]

Before: [1, 0, 3, 2, 0 ,0, 0, 0]
8 1 3 2
After:  [1, 0, 2, 2, 0 ,0, 0, 0]

Before: [0, 3, 3, 3, 0 ,0, 0, 0]
9 0 0 2
After:  [0, 3, 0, 3, 0 ,0, 0, 0]

Before: [3, 2, 0, 1, 0 ,0, 0, 0]
4 3 3 0
After:  [0, 2, 0, 1, 0 ,0, 0, 0]

Before: [3, 0, 3, 2, 0 ,0, 0, 0]
4 3 3 0
After:  [0, 0, 3, 2, 0 ,0, 0, 0]

Before: [3, 0, 3, 2, 0 ,0, 0, 0]
8 1 2 1
After:  [3, 3, 3, 2, 0 ,0, 0, 0]

Before: [0, 2, 1, 1, 0 ,0, 0, 0]
8 0 3 0
After:  [1, 2, 1, 1, 0 ,0, 0, 0]

Before: [2, 2, 2, 0, 0 ,0, 0, 0]
1 1 2 1
After:  [2, 4, 2, 0, 0 ,0, 0, 0]

Before: [2, 2, 1, 3, 0 ,0, 0, 0]
13 0 2 1
After:  [2, 4, 1, 3, 0 ,0, 0, 0]

Before: [0, 1, 3, 1, 0 ,0, 0, 0]
3 1 0 0
After:  [1, 1, 3, 1, 0 ,0, 0, 0]

Before: [0, 1, 2, 2, 0 ,0, 0, 0]
3 1 0 3
After:  [0, 1, 2, 1, 0 ,0, 0, 0]

Before: [1, 2, 2, 3, 0 ,0, 0, 0]
6 0 3 1
After:  [1, 0, 2, 3, 0 ,0, 0, 0]

Before: [3, 2, 0, 3, 0 ,0, 0, 0]
12 1 1 2
After:  [3, 2, 1, 3, 0 ,0, 0, 0]

Before: [2, 3, 1, 1, 0 ,0, 0, 0]
13 0 2 0
After:  [4, 3, 1, 1, 0 ,0, 0, 0]

Before: [2, 1, 1, 0, 0 ,0, 0, 0]
5 0 1 1
After:  [2, 3, 1, 0, 0 ,0, 0, 0]

Before: [3, 3, 2, 3, 0 ,0, 0, 0]
15 3 2 3
After:  [3, 3, 2, 6, 0 ,0, 0, 0]

Before: [0, 1, 0, 3, 0 ,0, 0, 0]
3 1 0 3
After:  [0, 1, 0, 1, 0 ,0, 0, 0]

Before: [1, 0, 3, 2, 0 ,0, 0, 0]
14 2 3 1
After:  [1, 9, 3, 2, 0 ,0, 0, 0]

Before: [0, 2, 3, 1, 0 ,0, 0, 0]
7 3 2 0
After:  [3, 2, 3, 1, 0 ,0, 0, 0]

Before: [2, 3, 0, 2, 0 ,0, 0, 0]
14 1 2 2
After:  [2, 3, 6, 2, 0 ,0, 0, 0]

Before: [2, 2, 3, 1, 0 ,0, 0, 0]
7 3 2 0
After:  [3, 2, 3, 1, 0 ,0, 0, 0]

Before: [0, 3, 3, 3, 0 ,0, 0, 0]
12 3 2 2
After:  [0, 3, 1, 3, 0 ,0, 0, 0]

Before: [0, 2, 2, 2, 0 ,0, 0, 0]
9 0 0 2
After:  [0, 2, 0, 2, 0 ,0, 0, 0]

Before: [0, 3, 1, 0, 0 ,0, 0, 0]
8 0 1 2
After:  [0, 3, 3, 0, 0 ,0, 0, 0]

Before: [0, 3, 3, 0, 0 ,0, 0, 0]
9 0 0 0
After:  [0, 3, 3, 0, 0 ,0, 0, 0]

Before: [0, 3, 0, 3, 0 ,0, 0, 0]
15 3 3 1
After:  [0, 9, 0, 3, 0 ,0, 0, 0]

Before: [2, 1, 1, 3, 0 ,0, 0, 0]
6 0 3 2
After:  [2, 1, 0, 3, 0 ,0, 0, 0]

Before: [2, 0, 0, 3, 0 ,0, 0, 0]
15 3 3 1
After:  [2, 9, 0, 3, 0 ,0, 0, 0]

Before: [0, 1, 0, 3, 0 ,0, 0, 0]
5 0 3 2
After:  [0, 1, 3, 3, 0 ,0, 0, 0]

Before: [1, 2, 2, 1, 0 ,0, 0, 0]
4 1 0 0
After:  [1, 2, 2, 1, 0 ,0, 0, 0]

Before: [0, 2, 3, 2, 0 ,0, 0, 0]
15 2 3 0
After:  [6, 2, 3, 2, 0 ,0, 0, 0]

Before: [0, 2, 2, 3, 0 ,0, 0, 0]
9 0 0 1
After:  [0, 0, 2, 3, 0 ,0, 0, 0]

Before: [3, 3, 3, 3, 0 ,0, 0, 0]
2 1 3 1
After:  [3, 1, 3, 3, 0 ,0, 0, 0]

Before: [1, 0, 2, 3, 0 ,0, 0, 0]
10 1 0 1
After:  [1, 1, 2, 3, 0 ,0, 0, 0]

Before: [2, 1, 1, 3, 0 ,0, 0, 0]
6 0 3 1
After:  [2, 0, 1, 3, 0 ,0, 0, 0]

Before: [0, 2, 2, 3, 0 ,0, 0, 0]
1 2 2 1
After:  [0, 4, 2, 3, 0 ,0, 0, 0]

Before: [1, 1, 1, 1, 0 ,0, 0, 0]
0 1 0 2
After:  [1, 1, 1, 1, 0 ,0, 0, 0]

Before: [0, 0, 2, 0, 0 ,0, 0, 0]
1 2 2 1
After:  [0, 4, 2, 0, 0 ,0, 0, 0]

Before: [1, 3, 0, 2, 0 ,0, 0, 0]
13 3 2 3
After:  [1, 3, 0, 4, 0 ,0, 0, 0]

Before: [1, 1, 0, 0, 0 ,0, 0, 0]
0 1 0 2
After:  [1, 1, 1, 0, 0 ,0, 0, 0]

Before: [1, 1, 1, 3, 0 ,0, 0, 0]
0 1 0 2
After:  [1, 1, 1, 3, 0 ,0, 0, 0]

Before: [1, 0, 3, 1, 0 ,0, 0, 0]
10 1 0 0
After:  [1, 0, 3, 1, 0 ,0, 0, 0]

Before: [2, 2, 1, 2, 0 ,0, 0, 0]
11 1 3 0
After:  [1, 2, 1, 2, 0 ,0, 0, 0]

Before: [0, 1, 0, 1, 0 ,0, 0, 0]
9 0 0 3
After:  [0, 1, 0, 0, 0 ,0, 0, 0]

Before: [0, 2, 1, 3, 0 ,0, 0, 0]
5 2 3 2
After:  [0, 2, 3, 3, 0 ,0, 0, 0]

Before: [1, 2, 2, 0, 0 ,0, 0, 0]
1 1 2 3
After:  [1, 2, 2, 4, 0 ,0, 0, 0]

Before: [1, 1, 0, 1, 0 ,0, 0, 0]
0 1 0 2
After:  [1, 1, 1, 1, 0 ,0, 0, 0]

Before: [0, 1, 2, 3, 0 ,0, 0, 0]
3 1 0 0
After:  [1, 1, 2, 3, 0 ,0, 0, 0]

Before: [0, 0, 2, 1, 0 ,0, 0, 0]
14 2 3 1
After:  [0, 6, 2, 1, 0 ,0, 0, 0]

Before: [2, 1, 2, 2, 0 ,0, 0, 0]
7 3 1 3
After:  [2, 1, 2, 3, 0 ,0, 0, 0]

Before: [1, 3, 3, 2, 0 ,0, 0, 0]
12 1 2 0
After:  [1, 3, 3, 2, 0 ,0, 0, 0]

Before: [3, 2, 2, 3, 0 ,0, 0, 0]
1 2 2 2
After:  [3, 2, 4, 3, 0 ,0, 0, 0]

Before: [0, 3, 2, 1, 0 ,0, 0, 0]
8 0 3 2
After:  [0, 3, 1, 1, 0 ,0, 0, 0]

Before: [1, 1, 0, 3, 0 ,0, 0, 0]
0 1 0 2
After:  [1, 1, 1, 3, 0 ,0, 0, 0]

Before: [3, 2, 1, 2, 0 ,0, 0, 0]
11 1 3 2
After:  [3, 2, 1, 2, 0 ,0, 0, 0]

Before: [0, 2, 1, 2, 0 ,0, 0, 0]
11 1 3 1
After:  [0, 1, 1, 2, 0 ,0, 0, 0]

Before: [1, 2, 1, 3, 0 ,0, 0, 0]
6 0 3 1
After:  [1, 0, 1, 3, 0 ,0, 0, 0]

Before: [2, 2, 2, 3, 0 ,0, 0, 0]
2 1 2 2
After:  [2, 2, 1, 3, 0 ,0, 0, 0]

Before: [3, 2, 2, 1, 0 ,0, 0, 0]
1 1 2 1
After:  [3, 4, 2, 1, 0 ,0, 0, 0]

Before: [1, 0, 0, 1, 0 ,0, 0, 0]
10 1 0 3
After:  [1, 0, 0, 1, 0 ,0, 0, 0]

Before: [0, 1, 0, 1, 0 ,0, 0, 0]
3 1 0 3
After:  [0, 1, 0, 1, 0 ,0, 0, 0]

Before: [1, 1, 1, 0, 0 ,0, 0, 0]
0 1 0 3
After:  [1, 1, 1, 1, 0 ,0, 0, 0]

Before: [1, 1, 1, 2, 0 ,0, 0, 0]
7 3 1 3
After:  [1, 1, 1, 3, 0 ,0, 0, 0]

Before: [3, 3, 1, 3, 0 ,0, 0, 0]
2 1 3 0
After:  [1, 3, 1, 3, 0 ,0, 0, 0]

Before: [1, 0, 0, 2, 0 ,0, 0, 0]
10 1 0 0
After:  [1, 0, 0, 2, 0 ,0, 0, 0]

Before: [0, 2, 1, 3, 0 ,0, 0, 0]
13 1 2 3
After:  [0, 2, 1, 4, 0 ,0, 0, 0]

Before: [1, 0, 2, 0, 0 ,0, 0, 0]
10 1 0 3
After:  [1, 0, 2, 1, 0 ,0, 0, 0]

Before: [2, 3, 3, 0, 0 ,0, 0, 0]
13 0 2 3
After:  [2, 3, 3, 4, 0 ,0, 0, 0]

Before: [3, 1, 2, 3, 0 ,0, 0, 0]
5 1 3 3
After:  [3, 1, 2, 3, 0 ,0, 0, 0]

Before: [1, 1, 1, 3, 0 ,0, 0, 0]
0 1 0 1
After:  [1, 1, 1, 3, 0 ,0, 0, 0]

Before: [2, 1, 2, 1, 0 ,0, 0, 0]
7 3 2 3
After:  [2, 1, 2, 3, 0 ,0, 0, 0]

Before: [1, 0, 0, 0, 0 ,0, 0, 0]
10 1 0 0
After:  [1, 0, 0, 0, 0 ,0, 0, 0]

Before: [1, 1, 0, 2, 0 ,0, 0, 0]
0 1 0 1
After:  [1, 1, 0, 2, 0 ,0, 0, 0]

Before: [3, 1, 2, 2, 0 ,0, 0, 0]
1 2 2 0
After:  [4, 1, 2, 2, 0 ,0, 0, 0]

Before: [1, 1, 1, 2, 0 ,0, 0, 0]
0 1 0 3
After:  [1, 1, 1, 1, 0 ,0, 0, 0]

Before: [1, 2, 3, 2, 0 ,0, 0, 0]
11 1 3 1
After:  [1, 1, 3, 2, 0 ,0, 0, 0]

Before: [3, 0, 2, 1, 0 ,0, 0, 0]
1 2 2 3
After:  [3, 0, 2, 4, 0 ,0, 0, 0]

Before: [0, 1, 0, 2, 0 ,0, 0, 0]
3 1 0 1
After:  [0, 1, 0, 2, 0 ,0, 0, 0]

Before: [1, 0, 3, 3, 0 ,0, 0, 0]
10 1 0 3
After:  [1, 0, 3, 1, 0 ,0, 0, 0]

Before: [1, 3, 1, 2, 0 ,0, 0, 0]
5 0 3 2
After:  [1, 3, 3, 2, 0 ,0, 0, 0]

Before: [1, 0, 0, 2, 0 ,0, 0, 0]
10 1 0 2
After:  [1, 0, 1, 2, 0 ,0, 0, 0]

Before: [1, 1, 1, 3, 0 ,0, 0, 0]
6 0 3 3
After:  [1, 1, 1, 0, 0 ,0, 0, 0]

Before: [1, 2, 0, 2, 0 ,0, 0, 0]
11 1 3 0
After:  [1, 2, 0, 2, 0 ,0, 0, 0]

Before: [1, 2, 1, 2, 0 ,0, 0, 0]
11 1 3 1
After:  [1, 1, 1, 2, 0 ,0, 0, 0]

Before: [0, 0, 2, 0, 0 ,0, 0, 0]
9 0 0 3
After:  [0, 0, 2, 0, 0 ,0, 0, 0]

Before: [3, 2, 2, 2, 0 ,0, 0, 0]
1 3 2 2
After:  [3, 2, 4, 2, 0 ,0, 0, 0]

Before: [0, 1, 3, 2, 0 ,0, 0, 0]
3 1 0 2
After:  [0, 1, 1, 2, 0 ,0, 0, 0]

Before: [2, 2, 1, 2, 0 ,0, 0, 0]
11 1 3 2
After:  [2, 2, 1, 2, 0 ,0, 0, 0]

Before: [1, 3, 0, 2, 0 ,0, 0, 0]
13 3 2 0
After:  [4, 3, 0, 2, 0 ,0, 0, 0]

Before: [2, 1, 2, 3, 0 ,0, 0, 0]
6 0 3 2
After:  [2, 1, 0, 3, 0 ,0, 0, 0]

Before: [0, 2, 1, 2, 0 ,0, 0, 0]
11 1 3 2
After:  [0, 2, 1, 2, 0 ,0, 0, 0]

Before: [2, 2, 2, 2, 0 ,0, 0, 0]
2 1 2 1
After:  [2, 1, 2, 2, 0 ,0, 0, 0]

Before: [3, 0, 2, 2, 0 ,0, 0, 0]
1 2 2 3
After:  [3, 0, 2, 4, 0 ,0, 0, 0]

Before: [0, 0, 3, 2, 0 ,0, 0, 0]
13 3 2 0
After:  [4, 0, 3, 2, 0 ,0, 0, 0]

Before: [1, 2, 1, 1, 0 ,0, 0, 0]
4 1 0 1
After:  [1, 1, 1, 1, 0 ,0, 0, 0]

Before: [1, 0, 2, 1, 0 ,0, 0, 0]
10 1 0 0
After:  [1, 0, 2, 1, 0 ,0, 0, 0]

Before: [2, 0, 2, 3, 0 ,0, 0, 0]
6 0 3 3
After:  [2, 0, 2, 0, 0 ,0, 0, 0]

Before: [1, 2, 3, 1, 0 ,0, 0, 0]
4 3 3 3
After:  [1, 2, 3, 0, 0 ,0, 0, 0]

Before: [1, 1, 1, 2, 0 ,0, 0, 0]
5 2 3 2
After:  [1, 1, 3, 2, 0 ,0, 0, 0]

Before: [1, 2, 3, 0, 0 ,0, 0, 0]
14 1 3 1
After:  [1, 6, 3, 0, 0 ,0, 0, 0]

Before: [0, 0, 1, 3, 0 ,0, 0, 0]
5 2 3 0
After:  [3, 0, 1, 3, 0 ,0, 0, 0]

Before: [0, 0, 0, 1, 0 ,0, 0, 0]
9 0 0 0
After:  [0, 0, 0, 1, 0 ,0, 0, 0]

Before: [2, 1, 3, 1, 0 ,0, 0, 0]
5 0 1 3
After:  [2, 1, 3, 3, 0 ,0, 0, 0]

Before: [2, 1, 2, 3, 0 ,0, 0, 0]
6 0 3 3
After:  [2, 1, 2, 0, 0 ,0, 0, 0]

Before: [2, 3, 1, 3, 0 ,0, 0, 0]
2 1 3 1
After:  [2, 1, 1, 3, 0 ,0, 0, 0]

Before: [1, 2, 1, 2, 0 ,0, 0, 0]
4 3 3 3
After:  [1, 2, 1, 0, 0 ,0, 0, 0]

Before: [2, 2, 3, 2, 0 ,0, 0, 0]
11 1 3 1
After:  [2, 1, 3, 2, 0 ,0, 0, 0]

Before: [2, 3, 3, 3, 0 ,0, 0, 0]
13 0 2 1
After:  [2, 4, 3, 3, 0 ,0, 0, 0]

Before: [1, 3, 2, 3, 0 ,0, 0, 0]
6 0 3 2
After:  [1, 3, 0, 3, 0 ,0, 0, 0]

Before: [2, 2, 1, 1, 0 ,0, 0, 0]
4 1 2 0
After:  [1, 2, 1, 1, 0 ,0, 0, 0]

Before: [1, 0, 3, 3, 0 ,0, 0, 0]
5 1 3 2
After:  [1, 0, 3, 3, 0 ,0, 0, 0]

Before: [3, 3, 2, 1, 0 ,0, 0, 0]
7 3 2 1
After:  [3, 3, 2, 1, 0 ,0, 0, 0]

Before: [1, 0, 2, 2, 0 ,0, 0, 0]
10 1 0 1
After:  [1, 1, 2, 2, 0 ,0, 0, 0]

Before: [2, 1, 1, 3, 0 ,0, 0, 0]
13 0 2 0
After:  [4, 1, 1, 3, 0 ,0, 0, 0]

Before: [1, 1, 0, 0, 0 ,0, 0, 0]
0 1 0 0
After:  [1, 1, 0, 0, 0 ,0, 0, 0]

Before: [2, 2, 2, 0, 0 ,0, 0, 0]
2 1 2 1
After:  [2, 1, 2, 0, 0 ,0, 0, 0]

Before: [0, 1, 1, 0, 0 ,0, 0, 0]
3 1 0 2
After:  [0, 1, 1, 0, 0 ,0, 0, 0]

Before: [1, 1, 2, 2, 0 ,0, 0, 0]
1 3 2 3
After:  [1, 1, 2, 4, 0 ,0, 0, 0]

Before: [2, 2, 1, 2, 0 ,0, 0, 0]
13 3 2 0
After:  [4, 2, 1, 2, 0 ,0, 0, 0]

Before: [0, 1, 0, 0, 0 ,0, 0, 0]
9 0 0 1
After:  [0, 0, 0, 0, 0 ,0, 0, 0]

Before: [1, 3, 1, 1, 0 ,0, 0, 0]
14 1 2 2
After:  [1, 3, 6, 1, 0 ,0, 0, 0]

Before: [1, 3, 0, 3, 0 ,0, 0, 0]
6 0 3 1
After:  [1, 0, 0, 3, 0 ,0, 0, 0]

Before: [1, 2, 2, 2, 0 ,0, 0, 0]
11 1 3 1
After:  [1, 1, 2, 2, 0 ,0, 0, 0]

Before: [1, 2, 0, 1, 0 ,0, 0, 0]
12 1 1 2
After:  [1, 2, 1, 1, 0 ,0, 0, 0]

Before: [3, 3, 2, 2, 0 ,0, 0, 0]
4 3 3 0
After:  [0, 3, 2, 2, 0 ,0, 0, 0]

Before: [0, 0, 0, 2, 0 ,0, 0, 0]
4 3 3 3
After:  [0, 0, 0, 0, 0 ,0, 0, 0]

Before: [1, 1, 2, 0, 0 ,0, 0, 0]
0 1 0 2
After:  [1, 1, 1, 0, 0 ,0, 0, 0]

Before: [3, 0, 2, 1, 0 ,0, 0, 0]
7 3 2 2
After:  [3, 0, 3, 1, 0 ,0, 0, 0]

Before: [3, 1, 2, 1, 0 ,0, 0, 0]
7 3 2 1
After:  [3, 3, 2, 1, 0 ,0, 0, 0]

Before: [0, 0, 2, 2, 0 ,0, 0, 0]
1 3 2 2
After:  [0, 0, 4, 2, 0 ,0, 0, 0]

Before: [0, 1, 3, 1, 0 ,0, 0, 0]
3 1 0 3
After:  [0, 1, 3, 1, 0 ,0, 0, 0]

Before: [1, 3, 2, 2, 0 ,0, 0, 0]
14 3 3 3
After:  [1, 3, 2, 6, 0 ,0, 0, 0]

Before: [1, 3, 3, 0, 0 ,0, 0, 0]
8 0 1 0
After:  [3, 3, 3, 0, 0 ,0, 0, 0]

Before: [1, 3, 2, 3, 0 ,0, 0, 0]
1 2 2 1
After:  [1, 4, 2, 3, 0 ,0, 0, 0]

Before: [0, 1, 3, 2, 0 ,0, 0, 0]
7 3 1 3
After:  [0, 1, 3, 3, 0 ,0, 0, 0]

Before: [3, 3, 2, 2, 0 ,0, 0, 0]
15 1 2 2
After:  [3, 3, 6, 2, 0 ,0, 0, 0]

Before: [0, 3, 3, 1, 0 ,0, 0, 0]
7 3 2 3
After:  [0, 3, 3, 3, 0 ,0, 0, 0]

Before: [2, 3, 3, 3, 0 ,0, 0, 0]
2 1 3 1
After:  [2, 1, 3, 3, 0 ,0, 0, 0]

Before: [1, 1, 3, 1, 0 ,0, 0, 0]
14 0 2 2
After:  [1, 1, 2, 1, 0 ,0, 0, 0]

Before: [2, 1, 0, 3, 0 ,0, 0, 0]
8 1 0 2
After:  [2, 1, 3, 3, 0 ,0, 0, 0]

Before: [1, 2, 2, 0, 0 ,0, 0, 0]
2 1 2 0
After:  [1, 2, 2, 0, 0 ,0, 0, 0]

Before: [1, 0, 0, 0, 0 ,0, 0, 0]
10 1 0 2
After:  [1, 0, 1, 0, 0 ,0, 0, 0]

Before: [1, 3, 3, 3, 0 ,0, 0, 0]
2 1 3 3
After:  [1, 3, 3, 1, 0 ,0, 0, 0]

Before: [0, 2, 2, 1, 0 ,0, 0, 0]
1 1 2 3
After:  [0, 2, 2, 4, 0 ,0, 0, 0]

Before: [1, 2, 2, 3, 0 ,0, 0, 0]
6 0 3 3
After:  [1, 2, 2, 0, 0 ,0, 0, 0]

Before: [3, 2, 0, 2, 0 ,0, 0, 0]
11 1 3 2
After:  [3, 2, 1, 2, 0 ,0, 0, 0]

Before: [2, 2, 2, 2, 0 ,0, 0, 0]
1 2 2 0
After:  [4, 2, 2, 2, 0 ,0, 0, 0]

Before: [1, 0, 0, 1, 0 ,0, 0, 0]
4 3 3 1
After:  [1, 0, 0, 1, 0 ,0, 0, 0]

Before: [3, 1, 1, 2, 0 ,0, 0, 0]
4 3 3 1
After:  [3, 0, 1, 2, 0 ,0, 0, 0]

Before: [1, 1, 2, 3, 0 ,0, 0, 0]
6 0 3 3
After:  [1, 1, 2, 0, 0 ,0, 0, 0]

Before: [0, 3, 1, 3, 0 ,0, 0, 0]
9 0 0 2
After:  [0, 3, 0, 3, 0 ,0, 0, 0]

Before: [1, 3, 0, 0, 0 ,0, 0, 0]
8 2 1 0
After:  [3, 3, 0, 0, 0 ,0, 0, 0]

Before: [3, 2, 0, 2, 0 ,0, 0, 0]
13 1 2 3
After:  [3, 2, 0, 4, 0 ,0, 0, 0]

Before: [0, 0, 1, 2, 0 ,0, 0, 0]
13 3 2 2
After:  [0, 0, 4, 2, 0 ,0, 0, 0]

Before: [0, 2, 0, 2, 0 ,0, 0, 0]
11 1 3 0
After:  [1, 2, 0, 2, 0 ,0, 0, 0]

Before: [0, 3, 1, 3, 0 ,0, 0, 0]
9 0 0 3
After:  [0, 3, 1, 0, 0 ,0, 0, 0]

Before: [2, 2, 0, 2, 0 ,0, 0, 0]
11 1 3 0
After:  [1, 2, 0, 2, 0 ,0, 0, 0]

Before: [0, 3, 1, 2, 0 ,0, 0, 0]
8 2 1 0
After:  [3, 3, 1, 2, 0 ,0, 0, 0]

Before: [0, 3, 2, 2, 0 ,0, 0, 0]
9 0 0 2
After:  [0, 3, 0, 2, 0 ,0, 0, 0]

Before: [3, 2, 0, 2, 0 ,0, 0, 0]
13 1 2 2
After:  [3, 2, 4, 2, 0 ,0, 0, 0]

Before: [0, 3, 1, 1, 0 ,0, 0, 0]
14 1 3 2
After:  [0, 3, 9, 1, 0 ,0, 0, 0]

Before: [2, 0, 2, 0, 0 ,0, 0, 0]
1 0 2 1
After:  [2, 4, 2, 0, 0 ,0, 0, 0]

Before: [3, 2, 3, 2, 0 ,0, 0, 0]
11 1 3 0
After:  [1, 2, 3, 2, 0 ,0, 0, 0]

Before: [0, 0, 3, 1, 0 ,0, 0, 0]
7 3 2 0
After:  [3, 0, 3, 1, 0 ,0, 0, 0]

Before: [2, 2, 0, 2, 0 ,0, 0, 0]
12 1 1 2
After:  [2, 2, 1, 2, 0 ,0, 0, 0]

Before: [0, 3, 2, 1, 0 ,0, 0, 0]
8 0 1 0
After:  [3, 3, 2, 1, 0 ,0, 0, 0]

Before: [2, 0, 3, 1, 0 ,0, 0, 0]
7 3 2 0
After:  [3, 0, 3, 1, 0 ,0, 0, 0]

Before: [0, 0, 1, 2, 0 ,0, 0, 0]
8 0 3 2
After:  [0, 0, 2, 2, 0 ,0, 0, 0]

Before: [1, 1, 3, 0, 0 ,0, 0, 0]
0 1 0 3
After:  [1, 1, 3, 1, 0 ,0, 0, 0]

Before: [1, 2, 0, 3, 0 ,0, 0, 0]
4 1 0 1
After:  [1, 1, 0, 3, 0 ,0, 0, 0]

Before: [1, 1, 2, 1, 0 ,0, 0, 0]
0 1 0 0
After:  [1, 1, 2, 1, 0 ,0, 0, 0]

Before: [2, 3, 2, 3, 0 ,0, 0, 0]
6 0 3 3
After:  [2, 3, 2, 0, 0 ,0, 0, 0]

Before: [2, 1, 3, 2, 0 ,0, 0, 0]
7 3 1 3
After:  [2, 1, 3, 3, 0 ,0, 0, 0]

Before: [1, 0, 0, 2, 0 ,0, 0, 0]
4 3 3 2
After:  [1, 0, 0, 2, 0 ,0, 0, 0]

Before: [0, 0, 1, 1, 0 ,0, 0, 0]
4 2 3 2
After:  [0, 0, 0, 1, 0 ,0, 0, 0]

Before: [1, 1, 0, 2, 0 ,0, 0, 0]
0 1 0 2
After:  [1, 1, 1, 2, 0 ,0, 0, 0]

Before: [0, 1, 0, 2, 0 ,0, 0, 0]
3 1 0 2
After:  [0, 1, 1, 2, 0 ,0, 0, 0]

Before: [2, 2, 0, 1, 0 ,0, 0, 0]
13 0 2 0
After:  [4, 2, 0, 1, 0 ,0, 0, 0]

Before: [2, 2, 0, 3, 0 ,0, 0, 0]
6 0 3 3
After:  [2, 2, 0, 0, 0 ,0, 0, 0]

Before: [0, 2, 0, 2, 0 ,0, 0, 0]
13 3 2 0
After:  [4, 2, 0, 2, 0 ,0, 0, 0]

Before: [2, 2, 2, 2, 0 ,0, 0, 0]
1 0 2 3
After:  [2, 2, 2, 4, 0 ,0, 0, 0]

Before: [1, 2, 2, 3, 0 ,0, 0, 0]
2 1 2 3
After:  [1, 2, 2, 1, 0 ,0, 0, 0]

Before: [1, 2, 0, 0, 0 ,0, 0, 0]
15 0 1 3
After:  [1, 2, 0, 2, 0 ,0, 0, 0]

Before: [2, 2, 0, 2, 0 ,0, 0, 0]
11 1 3 1
After:  [2, 1, 0, 2, 0 ,0, 0, 0]

Before: [1, 0, 2, 3, 0 ,0, 0, 0]
5 0 2 0
After:  [3, 0, 2, 3, 0 ,0, 0, 0]

Before: [1, 0, 0, 1, 0 ,0, 0, 0]
10 1 0 2
After:  [1, 0, 1, 1, 0 ,0, 0, 0]

Before: [3, 1, 1, 1, 0 ,0, 0, 0]
14 0 3 2
After:  [3, 1, 9, 1, 0 ,0, 0, 0]

Before: [0, 1, 3, 3, 0 ,0, 0, 0]
3 1 0 3
After:  [0, 1, 3, 1, 0 ,0, 0, 0]

Before: [2, 1, 2, 2, 0 ,0, 0, 0]
1 0 2 2
After:  [2, 1, 4, 2, 0 ,0, 0, 0]

Before: [0, 2, 2, 1, 0 ,0, 0, 0]
12 1 1 0
After:  [1, 2, 2, 1, 0 ,0, 0, 0]

Before: [1, 2, 1, 2, 0 ,0, 0, 0]
11 1 3 2
After:  [1, 2, 1, 2, 0 ,0, 0, 0]

Before: [0, 1, 2, 2, 0 ,0, 0, 0]
3 1 0 1
After:  [0, 1, 2, 2, 0 ,0, 0, 0]

Before: [2, 2, 3, 2, 0 ,0, 0, 0]
11 1 3 3
After:  [2, 2, 3, 1, 0 ,0, 0, 0]

Before: [0, 2, 1, 2, 0 ,0, 0, 0]
12 1 1 1
After:  [0, 1, 1, 2, 0 ,0, 0, 0]

Before: [2, 1, 1, 3, 0 ,0, 0, 0]
6 0 3 0
After:  [0, 1, 1, 3, 0 ,0, 0, 0]

Before: [1, 2, 1, 3, 0 ,0, 0, 0]
8 0 1 3
After:  [1, 2, 1, 3, 0 ,0, 0, 0]

Before: [0, 3, 0, 2, 0 ,0, 0, 0]
9 0 0 3
After:  [0, 3, 0, 0, 0 ,0, 0, 0]

Before: [0, 2, 2, 2, 0 ,0, 0, 0]
11 1 3 1
After:  [0, 1, 2, 2, 0 ,0, 0, 0]

Before: [0, 1, 0, 2, 0 ,0, 0, 0]
3 1 0 0
After:  [1, 1, 0, 2, 0 ,0, 0, 0]

Before: [2, 0, 1, 2, 0 ,0, 0, 0]
13 0 2 2
After:  [2, 0, 4, 2, 0 ,0, 0, 0]

Before: [1, 0, 0, 2, 0 ,0, 0, 0]
10 1 0 3
After:  [1, 0, 0, 1, 0 ,0, 0, 0]

Before: [3, 1, 3, 2, 0 ,0, 0, 0]
14 0 3 3
After:  [3, 1, 3, 9, 0 ,0, 0, 0]

Before: [2, 2, 2, 3, 0 ,0, 0, 0]
15 2 3 0
After:  [6, 2, 2, 3, 0 ,0, 0, 0]

Before: [1, 0, 1, 0, 0 ,0, 0, 0]
10 1 0 2
After:  [1, 0, 1, 0, 0 ,0, 0, 0]

Before: [0, 2, 1, 0, 0 ,0, 0, 0]
9 0 0 3
After:  [0, 2, 1, 0, 0 ,0, 0, 0]

Before: [1, 2, 2, 2, 0 ,0, 0, 0]
11 1 3 0
After:  [1, 2, 2, 2, 0 ,0, 0, 0]

Before: [1, 2, 3, 1, 0 ,0, 0, 0]
15 3 1 0
After:  [2, 2, 3, 1, 0 ,0, 0, 0]

Before: [0, 0, 3, 1, 0 ,0, 0, 0]
8 0 2 2
After:  [0, 0, 3, 1, 0 ,0, 0, 0]

Before: [2, 0, 2, 1, 0 ,0, 0, 0]
14 0 3 1
After:  [2, 6, 2, 1, 0 ,0, 0, 0]

Before: [0, 0, 2, 3, 0 ,0, 0, 0]
15 2 3 1
After:  [0, 6, 2, 3, 0 ,0, 0, 0]

Before: [1, 2, 2, 0, 0 ,0, 0, 0]
12 1 1 2
After:  [1, 2, 1, 0, 0 ,0, 0, 0]

Before: [2, 2, 3, 0, 0 ,0, 0, 0]
12 1 0 2
After:  [2, 2, 1, 0, 0 ,0, 0, 0]

Before: [3, 2, 0, 2, 0 ,0, 0, 0]
11 1 3 1
After:  [3, 1, 0, 2, 0 ,0, 0, 0]

Before: [2, 2, 2, 3, 0 ,0, 0, 0]
6 0 3 3
After:  [2, 2, 2, 0, 0 ,0, 0, 0]

Before: [0, 1, 0, 0, 0 ,0, 0, 0]
3 1 0 2
After:  [0, 1, 1, 0, 0 ,0, 0, 0]

Before: [0, 1, 1, 3, 0 ,0, 0, 0]
3 1 0 3
After:  [0, 1, 1, 1, 0 ,0, 0, 0]

Before: [2, 0, 0, 3, 0 ,0, 0, 0]
6 0 3 1
After:  [2, 0, 0, 3, 0 ,0, 0, 0]

Before: [3, 1, 0, 0, 0 ,0, 0, 0]
8 1 0 0
After:  [3, 1, 0, 0, 0 ,0, 0, 0]

Before: [0, 1, 2, 1, 0 ,0, 0, 0]
3 1 0 1
After:  [0, 1, 2, 1, 0 ,0, 0, 0]

Before: [1, 0, 1, 0, 0 ,0, 0, 0]
10 1 0 3
After:  [1, 0, 1, 1, 0 ,0, 0, 0]

Before: [0, 0, 3, 1, 0 ,0, 0, 0]
12 2 3 3
After:  [0, 0, 3, 0, 0 ,0, 0, 0]

Before: [0, 1, 0, 1, 0 ,0, 0, 0]
4 3 3 2
After:  [0, 1, 0, 1, 0 ,0, 0, 0]

Before: [1, 0, 2, 1, 0 ,0, 0, 0]
7 3 2 2
After:  [1, 0, 3, 1, 0 ,0, 0, 0]

Before: [1, 1, 2, 2, 0 ,0, 0, 0]
15 0 2 0
After:  [2, 1, 2, 2, 0 ,0, 0, 0]

Before: [3, 3, 0, 3, 0 ,0, 0, 0]
2 1 3 2
After:  [3, 3, 1, 3, 0 ,0, 0, 0]

Before: [1, 0, 3, 3, 0 ,0, 0, 0]
10 1 0 0
After:  [1, 0, 3, 3, 0 ,0, 0, 0]

Before: [1, 3, 2, 1, 0 ,0, 0, 0]
14 2 3 2
After:  [1, 3, 6, 1, 0 ,0, 0, 0]

Before: [0, 1, 1, 1, 0 ,0, 0, 0]
3 1 0 0
After:  [1, 1, 1, 1, 0 ,0, 0, 0]

Before: [3, 3, 0, 1, 0 ,0, 0, 0]
4 3 3 3
After:  [3, 3, 0, 0, 0 ,0, 0, 0]

Before: [3, 3, 2, 1, 0 ,0, 0, 0]
7 3 2 2
After:  [3, 3, 3, 1, 0 ,0, 0, 0]

Before: [3, 2, 2, 1, 0 ,0, 0, 0]
2 1 2 3
After:  [3, 2, 2, 1, 0 ,0, 0, 0]

Before: [1, 1, 1, 3, 0 ,0, 0, 0]
6 0 3 0
After:  [0, 1, 1, 3, 0 ,0, 0, 0]

Before: [3, 0, 2, 3, 0 ,0, 0, 0]
5 1 3 3
After:  [3, 0, 2, 3, 0 ,0, 0, 0]

Before: [2, 2, 3, 3, 0 ,0, 0, 0]
15 1 3 2
After:  [2, 2, 6, 3, 0 ,0, 0, 0]

Before: [1, 2, 1, 2, 0 ,0, 0, 0]
8 2 1 3
After:  [1, 2, 1, 3, 0 ,0, 0, 0]

Before: [0, 2, 3, 1, 0 ,0, 0, 0]
15 3 1 0
After:  [2, 2, 3, 1, 0 ,0, 0, 0]

Before: [3, 3, 0, 3, 0 ,0, 0, 0]
12 3 0 2
After:  [3, 3, 1, 3, 0 ,0, 0, 0]

Before: [2, 2, 2, 2, 0 ,0, 0, 0]
11 1 3 2
After:  [2, 2, 1, 2, 0 ,0, 0, 0]

Before: [3, 0, 3, 0, 0 ,0, 0, 0]
8 1 2 1
After:  [3, 3, 3, 0, 0 ,0, 0, 0]

Before: [1, 1, 1, 2, 0 ,0, 0, 0]
5 0 3 2
After:  [1, 1, 3, 2, 0 ,0, 0, 0]

Before: [0, 3, 3, 2, 0 ,0, 0, 0]
9 0 0 2
After:  [0, 3, 0, 2, 0 ,0, 0, 0]

Before: [0, 3, 2, 1, 0 ,0, 0, 0]
9 0 0 0
After:  [0, 3, 2, 1, 0 ,0, 0, 0]

Before: [1, 3, 1, 3, 0 ,0, 0, 0]
5 2 3 3
After:  [1, 3, 1, 3, 0 ,0, 0, 0]

Before: [2, 1, 3, 3, 0 ,0, 0, 0]
6 0 3 3
After:  [2, 1, 3, 0, 0 ,0, 0, 0]

Before: [0, 1, 1, 0, 0 ,0, 0, 0]
9 0 0 0
After:  [0, 1, 1, 0, 0 ,0, 0, 0]

Before: [1, 0, 2, 3, 0 ,0, 0, 0]
6 0 3 0
After:  [0, 0, 2, 3, 0 ,0, 0, 0]

Before: [3, 3, 3, 1, 0 ,0, 0, 0]
7 3 2 0
After:  [3, 3, 3, 1, 0 ,0, 0, 0]

Before: [0, 1, 3, 0, 0 ,0, 0, 0]
3 1 0 2
After:  [0, 1, 1, 0, 0 ,0, 0, 0]

Before: [1, 2, 2, 2, 0 ,0, 0, 0]
4 3 3 1
After:  [1, 0, 2, 2, 0 ,0, 0, 0]

Before: [3, 2, 2, 2, 0 ,0, 0, 0]
11 1 3 3
After:  [3, 2, 2, 1, 0 ,0, 0, 0]

Before: [0, 1, 0, 2, 0 ,0, 0, 0]
9 0 0 0
After:  [0, 1, 0, 2, 0 ,0, 0, 0]

Before: [1, 0, 1, 3, 0 ,0, 0, 0]
10 1 0 0
After:  [1, 0, 1, 3, 0 ,0, 0, 0]

Before: [3, 3, 2, 3, 0 ,0, 0, 0]
2 1 3 1
After:  [3, 1, 2, 3, 0 ,0, 0, 0]

Before: [2, 3, 1, 0, 0 ,0, 0, 0]
8 3 0 1
After:  [2, 2, 1, 0, 0 ,0, 0, 0]

Before: [1, 1, 2, 1, 0 ,0, 0, 0]
0 1 0 3
After:  [1, 1, 2, 1, 0 ,0, 0, 0]

Before: [3, 3, 2, 3, 0 ,0, 0, 0]
15 3 2 1
After:  [3, 6, 2, 3, 0 ,0, 0, 0]

Before: [0, 2, 1, 2, 0 ,0, 0, 0]
4 1 2 3
After:  [0, 2, 1, 1, 0 ,0, 0, 0]

Before: [2, 2, 1, 0, 0 ,0, 0, 0]
13 1 2 1
After:  [2, 4, 1, 0, 0 ,0, 0, 0]

Before: [1, 0, 3, 3, 0 ,0, 0, 0]
10 1 0 1
After:  [1, 1, 3, 3, 0 ,0, 0, 0]

Before: [3, 3, 2, 0, 0 ,0, 0, 0]
1 2 2 2
After:  [3, 3, 4, 0, 0 ,0, 0, 0]

Before: [1, 2, 1, 2, 0 ,0, 0, 0]
11 1 3 0
After:  [1, 2, 1, 2, 0 ,0, 0, 0]

Before: [1, 3, 1, 3, 0 ,0, 0, 0]
6 0 3 3
After:  [1, 3, 1, 0, 0 ,0, 0, 0]

Before: [3, 3, 1, 3, 0 ,0, 0, 0]
8 2 1 1
After:  [3, 3, 1, 3, 0 ,0, 0, 0]

Before: [1, 0, 0, 1, 0 ,0, 0, 0]
4 3 3 0
After:  [0, 0, 0, 1, 0 ,0, 0, 0]

Before: [1, 2, 2, 2, 0 ,0, 0, 0]
11 1 3 3
After:  [1, 2, 2, 1, 0 ,0, 0, 0]

Before: [3, 1, 2, 1, 0 ,0, 0, 0]
8 1 0 0
After:  [3, 1, 2, 1, 0 ,0, 0, 0]

Before: [3, 0, 1, 2, 0 ,0, 0, 0]
8 1 3 3
After:  [3, 0, 1, 2, 0 ,0, 0, 0]

Before: [1, 1, 3, 3, 0 ,0, 0, 0]
0 1 0 3
After:  [1, 1, 3, 1, 0 ,0, 0, 0]

Before: [0, 0, 1, 2, 0 ,0, 0, 0]
13 3 2 1
After:  [0, 4, 1, 2, 0 ,0, 0, 0]

Before: [2, 3, 0, 1, 0 ,0, 0, 0]
13 0 2 0
After:  [4, 3, 0, 1, 0 ,0, 0, 0]

Before: [1, 2, 2, 0, 0 ,0, 0, 0]
2 1 2 1
After:  [1, 1, 2, 0, 0 ,0, 0, 0]

Before: [2, 3, 1, 0, 0 ,0, 0, 0]
13 0 2 2
After:  [2, 3, 4, 0, 0 ,0, 0, 0]

Before: [0, 1, 2, 3, 0 ,0, 0, 0]
3 1 0 3
After:  [0, 1, 2, 1, 0 ,0, 0, 0]

Before: [2, 3, 2, 2, 0 ,0, 0, 0]
15 1 3 1
After:  [2, 6, 2, 2, 0 ,0, 0, 0]

Before: [0, 1, 2, 0, 0 ,0, 0, 0]
3 1 0 3
After:  [0, 1, 2, 1, 0 ,0, 0, 0]

Before: [1, 2, 2, 2, 0 ,0, 0, 0]
15 0 2 2
After:  [1, 2, 2, 2, 0 ,0, 0, 0]

Before: [1, 2, 2, 1, 0 ,0, 0, 0]
12 1 1 2
After:  [1, 2, 1, 1, 0 ,0, 0, 0]

Before: [0, 1, 1, 0, 0 ,0, 0, 0]
3 1 0 0
After:  [1, 1, 1, 0, 0 ,0, 0, 0]

Before: [3, 3, 0, 1, 0 ,0, 0, 0]
14 0 3 1
After:  [3, 9, 0, 1, 0 ,0, 0, 0]

Before: [1, 0, 2, 1, 0 ,0, 0, 0]
10 1 0 2
After:  [1, 0, 1, 1, 0 ,0, 0, 0]

Before: [0, 3, 2, 3, 0 ,0, 0, 0]
9 0 0 2
After:  [0, 3, 0, 3, 0 ,0, 0, 0]

Before: [0, 2, 1, 2, 0 ,0, 0, 0]
11 1 3 3
After:  [0, 2, 1, 1, 0 ,0, 0, 0]

Before: [2, 0, 1, 3, 0 ,0, 0, 0]
6 0 3 1
After:  [2, 0, 1, 3, 0 ,0, 0, 0]

Before: [1, 1, 2, 3, 0 ,0, 0, 0]
0 1 0 3
After:  [1, 1, 2, 1, 0 ,0, 0, 0]

Before: [3, 0, 2, 2, 0 ,0, 0, 0]
1 2 2 1
After:  [3, 4, 2, 2, 0 ,0, 0, 0]

Before: [1, 3, 2, 0, 0 ,0, 0, 0]
5 3 2 3
After:  [1, 3, 2, 2, 0 ,0, 0, 0]

Before: [3, 3, 0, 3, 0 ,0, 0, 0]
8 2 0 1
After:  [3, 3, 0, 3, 0 ,0, 0, 0]

Before: [0, 0, 3, 3, 0 ,0, 0, 0]
9 0 0 3
After:  [0, 0, 3, 0, 0 ,0, 0, 0]

Before: [0, 3, 1, 3, 0 ,0, 0, 0]
8 2 1 3
After:  [0, 3, 1, 3, 0 ,0, 0, 0]

Before: [1, 1, 3, 2, 0 ,0, 0, 0]
0 1 0 3
After:  [1, 1, 3, 1, 0 ,0, 0, 0]

Before: [1, 0, 0, 3, 0 ,0, 0, 0]
10 1 0 2
After:  [1, 0, 1, 3, 0 ,0, 0, 0]

Before: [2, 0, 1, 2, 0 ,0, 0, 0]
13 3 2 3
After:  [2, 0, 1, 4, 0 ,0, 0, 0]

Before: [3, 2, 3, 2, 0 ,0, 0, 0]
13 1 2 0
After:  [4, 2, 3, 2, 0 ,0, 0, 0]

Before: [0, 1, 0, 2, 0 ,0, 0, 0]
3 1 0 3
After:  [0, 1, 0, 1, 0 ,0, 0, 0]

Before: [1, 1, 3, 1, 0 ,0, 0, 0]
0 1 0 0
After:  [1, 1, 3, 1, 0 ,0, 0, 0]

Before: [0, 1, 3, 0, 0 ,0, 0, 0]
3 1 0 0
After:  [1, 1, 3, 0, 0 ,0, 0, 0]

Before: [0, 1, 0, 1, 0 ,0, 0, 0]
3 1 0 1
After:  [0, 1, 0, 1, 0 ,0, 0, 0]

Before: [3, 2, 1, 2, 0 ,0, 0, 0]
4 1 2 2
After:  [3, 2, 1, 2, 0 ,0, 0, 0]

Before: [1, 1, 2, 3, 0 ,0, 0, 0]
0 1 0 0
After:  [1, 1, 2, 3, 0 ,0, 0, 0]

Before: [3, 2, 3, 2, 0 ,0, 0, 0]
11 1 3 2
After:  [3, 2, 1, 2, 0 ,0, 0, 0]

Before: [0, 1, 3, 1, 0 ,0, 0, 0]
3 1 0 1
After:  [0, 1, 3, 1, 0 ,0, 0, 0]

Before: [1, 1, 2, 0, 0 ,0, 0, 0]
0 1 0 3
After:  [1, 1, 2, 1, 0 ,0, 0, 0]

Before: [0, 1, 3, 0, 0 ,0, 0, 0]
9 0 0 3
After:  [0, 1, 3, 0, 0 ,0, 0, 0]

Before: [2, 2, 3, 1, 0 ,0, 0, 0]
14 2 3 2
After:  [2, 2, 9, 1, 0 ,0, 0, 0]

Before: [0, 1, 0, 1, 0 ,0, 0, 0]
3 1 0 2
After:  [0, 1, 1, 1, 0 ,0, 0, 0]

Before: [3, 3, 3, 3, 0 ,0, 0, 0]
15 0 3 3
After:  [3, 3, 3, 9, 0 ,0, 0, 0]

Before: [2, 1, 2, 3, 0 ,0, 0, 0]
6 0 3 0
After:  [0, 1, 2, 3, 0 ,0, 0, 0]

Before: [0, 2, 1, 2, 0 ,0, 0, 0]
8 0 3 1
After:  [0, 2, 1, 2, 0 ,0, 0, 0]

Before: [0, 2, 2, 1, 0 ,0, 0, 0]
2 1 2 1
After:  [0, 1, 2, 1, 0 ,0, 0, 0]

Before: [1, 0, 1, 2, 0 ,0, 0, 0]
10 1 0 0
After:  [1, 0, 1, 2, 0 ,0, 0, 0]

Before: [1, 2, 3, 3, 0 ,0, 0, 0]
15 1 3 3
After:  [1, 2, 3, 6, 0 ,0, 0, 0]

Before: [2, 1, 2, 3, 0 ,0, 0, 0]
15 1 2 3
After:  [2, 1, 2, 2, 0 ,0, 0, 0]

Before: [1, 2, 2, 1, 0 ,0, 0, 0]
14 1 3 3
After:  [1, 2, 2, 6, 0 ,0, 0, 0]

Before: [1, 1, 1, 0, 0 ,0, 0, 0]
0 1 0 1
After:  [1, 1, 1, 0, 0 ,0, 0, 0]

Before: [3, 2, 3, 1, 0 ,0, 0, 0]
4 3 3 0
After:  [0, 2, 3, 1, 0 ,0, 0, 0]

Before: [0, 2, 2, 2, 0 ,0, 0, 0]
11 1 3 2
After:  [0, 2, 1, 2, 0 ,0, 0, 0]

Before: [2, 1, 3, 1, 0 ,0, 0, 0]
14 3 2 3
After:  [2, 1, 3, 2, 0 ,0, 0, 0]

Before: [0, 2, 2, 3, 0 ,0, 0, 0]
2 1 2 0
After:  [1, 2, 2, 3, 0 ,0, 0, 0]

Before: [0, 1, 3, 3, 0 ,0, 0, 0]
5 0 3 2
After:  [0, 1, 3, 3, 0 ,0, 0, 0]

Before: [0, 3, 2, 2, 0 ,0, 0, 0]
15 1 2 0
After:  [6, 3, 2, 2, 0 ,0, 0, 0]

Before: [2, 2, 1, 2, 0 ,0, 0, 0]
14 3 3 1
After:  [2, 6, 1, 2, 0 ,0, 0, 0]

Before: [2, 2, 2, 2, 0 ,0, 0, 0]
11 1 3 1
After:  [2, 1, 2, 2, 0 ,0, 0, 0]

Before: [3, 2, 2, 2, 0 ,0, 0, 0]
11 1 3 0
After:  [1, 2, 2, 2, 0 ,0, 0, 0]

Before: [1, 3, 2, 1, 0 ,0, 0, 0]
15 0 2 0
After:  [2, 3, 2, 1, 0 ,0, 0, 0]

Before: [1, 2, 0, 0, 0 ,0, 0, 0]
15 0 1 2
After:  [1, 2, 2, 0, 0 ,0, 0, 0]

Before: [1, 2, 2, 3, 0 ,0, 0, 0]
1 1 2 1
After:  [1, 4, 2, 3, 0 ,0, 0, 0]

Before: [3, 2, 2, 1, 0 ,0, 0, 0]
7 3 2 0
After:  [3, 2, 2, 1, 0 ,0, 0, 0]

Before: [3, 2, 2, 0, 0 ,0, 0, 0]
12 1 1 2
After:  [3, 2, 1, 0, 0 ,0, 0, 0]

Before: [1, 0, 3, 3, 0 ,0, 0, 0]
6 0 3 1
After:  [1, 0, 3, 3, 0 ,0, 0, 0]

Before: [2, 0, 2, 1, 0 ,0, 0, 0]
1 0 2 3
After:  [2, 0, 2, 4, 0 ,0, 0, 0]

Before: [2, 0, 1, 2, 0 ,0, 0, 0]
13 0 2 0
After:  [4, 0, 1, 2, 0 ,0, 0, 0]

Before: [2, 2, 2, 2, 0 ,0, 0, 0]
12 2 1 0
After:  [1, 2, 2, 2, 0 ,0, 0, 0]

Before: [2, 2, 0, 2, 0 ,0, 0, 0]
13 3 2 1
After:  [2, 4, 0, 2, 0 ,0, 0, 0]

Before: [3, 3, 3, 0, 0 ,0, 0, 0]
14 2 3 1
After:  [3, 9, 3, 0, 0 ,0, 0, 0]

Before: [3, 1, 0, 2, 0 ,0, 0, 0]
4 3 3 3
After:  [3, 1, 0, 0, 0 ,0, 0, 0]

Before: [0, 2, 2, 3, 0 ,0, 0, 0]
1 1 2 0
After:  [4, 2, 2, 3, 0 ,0, 0, 0]

Before: [0, 1, 1, 2, 0 ,0, 0, 0]
9 0 0 1
After:  [0, 0, 1, 2, 0 ,0, 0, 0]

Before: [3, 3, 1, 0, 0 ,0, 0, 0]
14 1 3 2
After:  [3, 3, 9, 0, 0 ,0, 0, 0]

Before: [2, 0, 2, 3, 0 ,0, 0, 0]
5 1 2 2
After:  [2, 0, 2, 3, 0 ,0, 0, 0]

Before: [1, 1, 1, 2, 0 ,0, 0, 0]
0 1 0 0
After:  [1, 1, 1, 2, 0 ,0, 0, 0]

Before: [3, 2, 3, 3, 0 ,0, 0, 0]
15 1 3 0
After:  [6, 2, 3, 3, 0 ,0, 0, 0]

Before: [1, 3, 2, 1, 0 ,0, 0, 0]
14 1 3 0
After:  [9, 3, 2, 1, 0 ,0, 0, 0]

Before: [2, 0, 2, 2, 0 ,0, 0, 0]
1 2 2 0
After:  [4, 0, 2, 2, 0 ,0, 0, 0]

Before: [0, 2, 1, 2, 0 ,0, 0, 0]
11 1 3 0
After:  [1, 2, 1, 2, 0 ,0, 0, 0]

Before: [0, 1, 1, 1, 0 ,0, 0, 0]
3 1 0 3
After:  [0, 1, 1, 1, 0 ,0, 0, 0]

Before: [1, 0, 1, 0, 0 ,0, 0, 0]
10 1 0 1
After:  [1, 1, 1, 0, 0 ,0, 0, 0]

Before: [1, 1, 1, 1, 0 ,0, 0, 0]
4 3 3 3
After:  [1, 1, 1, 0, 0 ,0, 0, 0]

Before: [3, 2, 2, 2, 0 ,0, 0, 0]
14 0 3 3
After:  [3, 2, 2, 9, 0 ,0, 0, 0]

Before: [0, 1, 2, 1, 0 ,0, 0, 0]
9 0 0 0
After:  [0, 1, 2, 1, 0 ,0, 0, 0]

Before: [2, 0, 2, 3, 0 ,0, 0, 0]
1 2 2 0
After:  [4, 0, 2, 3, 0 ,0, 0, 0]

Before: [1, 1, 1, 3, 0 ,0, 0, 0]
0 1 0 3
After:  [1, 1, 1, 1, 0 ,0, 0, 0]

Before: [0, 1, 0, 3, 0 ,0, 0, 0]
3 1 0 1
After:  [0, 1, 0, 3, 0 ,0, 0, 0]

Before: [2, 0, 2, 1, 0 ,0, 0, 0]
5 1 2 0
After:  [2, 0, 2, 1, 0 ,0, 0, 0]

Before: [1, 3, 3, 1, 0 ,0, 0, 0]
14 0 2 0
After:  [2, 3, 3, 1, 0 ,0, 0, 0]

Before: [1, 0, 0, 3, 0 ,0, 0, 0]
6 0 3 1
After:  [1, 0, 0, 3, 0 ,0, 0, 0]

Before: [2, 3, 0, 3, 0 ,0, 0, 0]
6 0 3 3
After:  [2, 3, 0, 0, 0 ,0, 0, 0]

Before: [0, 1, 2, 2, 0 ,0, 0, 0]
1 3 2 3
After:  [0, 1, 2, 4, 0 ,0, 0, 0]

Before: [3, 1, 2, 3, 0 ,0, 0, 0]
1 2 2 2
After:  [3, 1, 4, 3, 0 ,0, 0, 0]

Before: [3, 1, 0, 3, 0 ,0, 0, 0]
8 2 0 3
After:  [3, 1, 0, 3, 0 ,0, 0, 0]

Before: [3, 3, 1, 2, 0 ,0, 0, 0]
14 0 3 3
After:  [3, 3, 1, 9, 0 ,0, 0, 0]

Before: [3, 0, 3, 2, 0 ,0, 0, 0]
4 3 3 3
After:  [3, 0, 3, 0, 0 ,0, 0, 0]

Before: [2, 3, 1, 0, 0 ,0, 0, 0]
8 2 1 0
After:  [3, 3, 1, 0, 0 ,0, 0, 0]

Before: [0, 1, 2, 1, 0 ,0, 0, 0]
3 1 0 2
After:  [0, 1, 1, 1, 0 ,0, 0, 0]

Before: [0, 1, 3, 2, 0 ,0, 0, 0]
3 1 0 0
After:  [1, 1, 3, 2, 0 ,0, 0, 0]

Before: [1, 1, 2, 0, 0 ,0, 0, 0]
15 0 2 1
After:  [1, 2, 2, 0, 0 ,0, 0, 0]

Before: [0, 3, 2, 2, 0 ,0, 0, 0]
1 3 2 0
After:  [4, 3, 2, 2, 0 ,0, 0, 0]

Before: [1, 0, 1, 2, 0 ,0, 0, 0]
10 1 0 3
After:  [1, 0, 1, 1, 0 ,0, 0, 0]

Before: [0, 2, 2, 0, 0 ,0, 0, 0]
12 1 1 0
After:  [1, 2, 2, 0, 0 ,0, 0, 0]

Before: [1, 1, 3, 3, 0 ,0, 0, 0]
0 1 0 1
After:  [1, 1, 3, 3, 0 ,0, 0, 0]

Before: [1, 0, 2, 0, 0 ,0, 0, 0]
10 1 0 2
After:  [1, 0, 1, 0, 0 ,0, 0, 0]

Before: [2, 3, 2, 1, 0 ,0, 0, 0]
15 1 2 1
After:  [2, 6, 2, 1, 0 ,0, 0, 0]

Before: [1, 2, 0, 0, 0 ,0, 0, 0]
8 1 0 1
After:  [1, 3, 0, 0, 0 ,0, 0, 0]

Before: [3, 2, 1, 2, 0 ,0, 0, 0]
11 1 3 3
After:  [3, 2, 1, 1, 0 ,0, 0, 0]

Before: [1, 1, 1, 1, 0 ,0, 0, 0]
0 1 0 3
After:  [1, 1, 1, 1, 0 ,0, 0, 0]

Before: [2, 3, 1, 3, 0 ,0, 0, 0]
6 0 3 3
After:  [2, 3, 1, 0, 0 ,0, 0, 0]

Before: [0, 2, 1, 3, 0 ,0, 0, 0]
13 1 2 2
After:  [0, 2, 4, 3, 0 ,0, 0, 0]

Before: [1, 0, 3, 1, 0 ,0, 0, 0]
7 3 2 3
After:  [1, 0, 3, 3, 0 ,0, 0, 0]

Before: [2, 1, 0, 0, 0 ,0, 0, 0]
8 3 0 3
After:  [2, 1, 0, 2, 0 ,0, 0, 0]

Before: [1, 1, 1, 2, 0 ,0, 0, 0]
0 1 0 2
After:  [1, 1, 1, 2, 0 ,0, 0, 0]

Before: [3, 2, 2, 2, 0 ,0, 0, 0]
1 3 2 3
After:  [3, 2, 2, 4, 0 ,0, 0, 0]

Before: [3, 1, 1, 1, 0 ,0, 0, 0]
14 0 3 3
After:  [3, 1, 1, 9, 0 ,0, 0, 0]

Before: [2, 2, 3, 3, 0 ,0, 0, 0]
6 0 3 0
After:  [0, 2, 3, 3, 0 ,0, 0, 0]

Before: [0, 1, 1, 2, 0 ,0, 0, 0]
3 1 0 2
After:  [0, 1, 1, 2, 0 ,0, 0, 0]

Before: [3, 2, 1, 2, 0 ,0, 0, 0]
14 0 3 0
After:  [9, 2, 1, 2, 0 ,0, 0, 0]

Before: [2, 0, 3, 1, 0 ,0, 0, 0]
7 3 2 3
After:  [2, 0, 3, 3, 0 ,0, 0, 0]

Before: [1, 2, 2, 1, 0 ,0, 0, 0]
2 1 2 0
After:  [1, 2, 2, 1, 0 ,0, 0, 0]

Before: [0, 0, 2, 1, 0 ,0, 0, 0]
4 3 3 3
After:  [0, 0, 2, 0, 0 ,0, 0, 0]

Before: [3, 2, 3, 3, 0 ,0, 0, 0]
12 3 0 3
After:  [3, 2, 3, 1, 0 ,0, 0, 0]

Before: [1, 1, 2, 2, 0 ,0, 0, 0]
0 1 0 3
After:  [1, 1, 2, 1, 0 ,0, 0, 0]

Before: [2, 3, 1, 1, 0 ,0, 0, 0]
14 1 3 2
After:  [2, 3, 9, 1, 0 ,0, 0, 0]

Before: [1, 0, 2, 1, 0 ,0, 0, 0]
15 0 2 1
After:  [1, 2, 2, 1, 0 ,0, 0, 0]

Before: [0, 1, 2, 3, 0 ,0, 0, 0]
9 0 0 3
After:  [0, 1, 2, 0, 0 ,0, 0, 0]

Before: [3, 0, 0, 2, 0 ,0, 0, 0]
4 3 3 0
After:  [0, 0, 0, 2, 0 ,0, 0, 0]

Before: [3, 0, 3, 1, 0 ,0, 0, 0]
7 3 2 3
After:  [3, 0, 3, 3, 0 ,0, 0, 0]

Before: [3, 2, 2, 3, 0 ,0, 0, 0]
12 2 1 1
After:  [3, 1, 2, 3, 0 ,0, 0, 0]

Before: [0, 3, 3, 3, 0 ,0, 0, 0]
2 1 3 1
After:  [0, 1, 3, 3, 0 ,0, 0, 0]

Before: [1, 0, 0, 0, 0 ,0, 0, 0]
10 1 0 1
After:  [1, 1, 0, 0, 0 ,0, 0, 0]

Before: [1, 3, 0, 3, 0 ,0, 0, 0]
2 1 3 3
After:  [1, 3, 0, 1, 0 ,0, 0, 0]

Before: [3, 2, 2, 3, 0 ,0, 0, 0]
12 3 0 2
After:  [3, 2, 1, 3, 0 ,0, 0, 0]

Before: [1, 1, 2, 0, 0 ,0, 0, 0]
0 1 0 0
After:  [1, 1, 2, 0, 0 ,0, 0, 0]

Before: [0, 2, 2, 1, 0 ,0, 0, 0]
2 1 2 2
After:  [0, 2, 1, 1, 0 ,0, 0, 0]

Before: [1, 0, 1, 2, 0 ,0, 0, 0]
10 1 0 2
After:  [1, 0, 1, 2, 0 ,0, 0, 0]

Before: [1, 0, 3, 0, 0 ,0, 0, 0]
14 0 2 2
After:  [1, 0, 2, 0, 0 ,0, 0, 0]

Before: [0, 2, 3, 2, 0 ,0, 0, 0]
11 1 3 3
After:  [0, 2, 3, 1, 0 ,0, 0, 0]

Before: [0, 1, 0, 3, 0 ,0, 0, 0]
3 1 0 2
After:  [0, 1, 1, 3, 0 ,0, 0, 0]

Before: [3, 3, 2, 1, 0 ,0, 0, 0]
12 1 0 0
After:  [1, 3, 2, 1, 0 ,0, 0, 0]

Before: [0, 2, 3, 3, 0 ,0, 0, 0]
13 1 2 0
After:  [4, 2, 3, 3, 0 ,0, 0, 0]

Before: [1, 1, 3, 0, 0 ,0, 0, 0]
0 1 0 1
After:  [1, 1, 3, 0, 0 ,0, 0, 0]

Before: [1, 2, 2, 2, 0 ,0, 0, 0]
2 1 2 2
After:  [1, 2, 1, 2, 0 ,0, 0, 0]

Before: [2, 1, 3, 3, 0 ,0, 0, 0]
13 0 2 2
After:  [2, 1, 4, 3, 0 ,0, 0, 0]

Before: [1, 0, 1, 3, 0 ,0, 0, 0]
10 1 0 3
After:  [1, 0, 1, 1, 0 ,0, 0, 0]

Before: [2, 1, 3, 2, 0 ,0, 0, 0]
7 3 1 1
After:  [2, 3, 3, 2, 0 ,0, 0, 0]

Before: [1, 1, 1, 0, 0 ,0, 0, 0]
0 1 0 0
After:  [1, 1, 1, 0, 0 ,0, 0, 0]

Before: [0, 2, 3, 2, 0 ,0, 0, 0]
13 3 2 3
After:  [0, 2, 3, 4, 0 ,0, 0, 0]

Before: [3, 2, 2, 3, 0 ,0, 0, 0]
12 3 0 3
After:  [3, 2, 2, 1, 0 ,0, 0, 0]

Before: [2, 3, 2, 3, 0 ,0, 0, 0]
2 1 3 1
After:  [2, 1, 2, 3, 0 ,0, 0, 0]

Before: [2, 3, 0, 3, 0 ,0, 0, 0]
6 0 3 1
After:  [2, 0, 0, 3, 0 ,0, 0, 0]

Before: [2, 2, 2, 3, 0 ,0, 0, 0]
1 2 2 0
After:  [4, 2, 2, 3, 0 ,0, 0, 0]

Before: [3, 2, 3, 2, 0 ,0, 0, 0]
4 3 3 1
After:  [3, 0, 3, 2, 0 ,0, 0, 0]

Before: [0, 2, 2, 0, 0 ,0, 0, 0]
12 1 1 1
After:  [0, 1, 2, 0, 0 ,0, 0, 0]

Before: [2, 2, 3, 2, 0 ,0, 0, 0]
11 1 3 2
After:  [2, 2, 1, 2, 0 ,0, 0, 0]

Before: [3, 0, 2, 3, 0 ,0, 0, 0]
1 2 2 2
After:  [3, 0, 4, 3, 0 ,0, 0, 0]

Before: [0, 3, 2, 0, 0 ,0, 0, 0]
9 0 0 0
After:  [0, 3, 2, 0, 0 ,0, 0, 0]

Before: [0, 2, 3, 1, 0 ,0, 0, 0]
9 0 0 2
After:  [0, 2, 0, 1, 0 ,0, 0, 0]

Before: [0, 1, 1, 1, 0 ,0, 0, 0]
3 1 0 2
After:  [0, 1, 1, 1, 0 ,0, 0, 0]

Before: [2, 2, 2, 3, 0 ,0, 0, 0]
2 1 2 0
After:  [1, 2, 2, 3, 0 ,0, 0, 0]

Before: [0, 1, 2, 3, 0 ,0, 0, 0]
15 3 2 0
After:  [6, 1, 2, 3, 0 ,0, 0, 0]

Before: [1, 1, 0, 2, 0 ,0, 0, 0]
7 3 1 3
After:  [1, 1, 0, 3, 0 ,0, 0, 0]

Before: [1, 1, 1, 1, 0 ,0, 0, 0]
0 1 0 0
After:  [1, 1, 1, 1, 0 ,0, 0, 0]

Before: [1, 2, 3, 3, 0 ,0, 0, 0]
15 0 1 3
After:  [1, 2, 3, 2, 0 ,0, 0, 0]

Before: [0, 3, 2, 3, 0 ,0, 0, 0]
2 1 3 1
After:  [0, 1, 2, 3, 0 ,0, 0, 0]

Before: [0, 3, 0, 0, 0 ,0, 0, 0]
8 2 1 3
After:  [0, 3, 0, 3, 0 ,0, 0, 0]

Before: [2, 0, 2, 3, 0 ,0, 0, 0]
1 0 2 0
After:  [4, 0, 2, 3, 0 ,0, 0, 0]

Before: [0, 3, 0, 3, 0 ,0, 0, 0]
5 0 3 3
After:  [0, 3, 0, 3, 0 ,0, 0, 0]

Before: [0, 1, 2, 0, 0 ,0, 0, 0]
3 1 0 0
After:  [1, 1, 2, 0, 0 ,0, 0, 0]
